0.7510 0.0000 0.0000 0.0000 0.0000 0.0000 0.0000 0.0000 0.0000 0.0000
0.7270 0.7030 0.0000 0.0000 0.0000 0.0000 0.0000 0.0000 0.0000 0.0000
0.7240 0.7010 0.7300 0.0000 0.0000 0.0000 0.0000 0.0000 0.0000 0.0000
0.7240 0.7020 0.7300 0.7680 0.0000 0.0000 0.0000 0.0000 0.0000 0.0000
0.7220 0.7000 0.7290 0.7680 0.6910 0.0000 0.0000 0.0000 0.0000 0.0000
0.7220 0.7000 0.7290 0.7680 0.6910 0.7380 0.0000 0.0000 0.0000 0.0000
0.7220 0.7000 0.7290 0.7680 0.6910 0.7370 0.7140 0.0000 0.0000 0.0000
0.7230 0.7010 0.7310 0.7680 0.6910 0.7380 0.7140 0.6810 0.0000 0.0000
0.7230 0.7010 0.7310 0.7680 0.6910 0.7380 0.7140 0.6810 0.7350 0.0000
0.7220 0.7010 0.7310 0.7670 0.6900 0.7380 0.7160 0.6800 0.7370 0.7030
