0.7440 0.0000 0.0000 0.0000 0.0000 0.0000 0.0000 0.0000 0.0000 0.0000
0.7170 0.7250 0.0000 0.0000 0.0000 0.0000 0.0000 0.0000 0.0000 0.0000
0.7110 0.7060 0.6440 0.0000 0.0000 0.0000 0.0000 0.0000 0.0000 0.0000
0.7020 0.6940 0.6480 0.6510 0.0000 0.0000 0.0000 0.0000 0.0000 0.0000
0.6890 0.6800 0.6390 0.6380 0.6310 0.0000 0.0000 0.0000 0.0000 0.0000
0.7040 0.6950 0.6450 0.6370 0.6330 0.6360 0.0000 0.0000 0.0000 0.0000
0.7040 0.6820 0.6430 0.6370 0.6320 0.6350 0.6420 0.0000 0.0000 0.0000
0.7160 0.6950 0.6340 0.6390 0.6270 0.6260 0.6500 0.5620 0.0000 0.0000
0.7190 0.6830 0.6350 0.6360 0.6190 0.6290 0.6420 0.5600 0.6430 0.0000
0.7190 0.6890 0.6430 0.6260 0.6160 0.6320 0.6370 0.5700 0.6340 0.6150
