0.7470 0.0000 0.0000 0.0000 0.0000 0.0000 0.0000 0.0000 0.0000 0.0000
0.7470 0.7190 0.0000 0.0000 0.0000 0.0000 0.0000 0.0000 0.0000 0.0000
0.7470 0.7190 0.7520 0.0000 0.0000 0.0000 0.0000 0.0000 0.0000 0.0000
0.7470 0.7190 0.7520 0.7790 0.0000 0.0000 0.0000 0.0000 0.0000 0.0000
0.7470 0.7190 0.7520 0.7790 0.6820 0.0000 0.0000 0.0000 0.0000 0.0000
0.7470 0.7190 0.7520 0.7790 0.6820 0.7640 0.0000 0.0000 0.0000 0.0000
0.7470 0.7190 0.7520 0.7790 0.6820 0.7640 0.7370 0.0000 0.0000 0.0000
0.7470 0.7190 0.7520 0.7790 0.6820 0.7640 0.7370 0.7080 0.0000 0.0000
0.7470 0.7190 0.7520 0.7790 0.6820 0.7640 0.7370 0.7080 0.7340 0.0000
0.7470 0.7190 0.7520 0.7790 0.6820 0.7640 0.7370 0.7080 0.7340 0.7480
