0.7350 0.0000 0.0000 0.0000 0.0000 0.0000 0.0000 0.0000 0.0000 0.0000
0.7320 0.7150 0.0000 0.0000 0.0000 0.0000 0.0000 0.0000 0.0000 0.0000
0.7210 0.7100 0.7360 0.0000 0.0000 0.0000 0.0000 0.0000 0.0000 0.0000
0.7140 0.7040 0.7320 0.7650 0.0000 0.0000 0.0000 0.0000 0.0000 0.0000
0.7170 0.6970 0.7200 0.7510 0.6770 0.0000 0.0000 0.0000 0.0000 0.0000
0.7100 0.6890 0.7230 0.7500 0.6720 0.7070 0.0000 0.0000 0.0000 0.0000
0.6810 0.6830 0.7110 0.7390 0.6640 0.7030 0.6960 0.0000 0.0000 0.0000
0.6850 0.6960 0.7110 0.7380 0.6560 0.7070 0.6620 0.6360 0.0000 0.0000
0.6910 0.6840 0.7090 0.7180 0.6530 0.7010 0.6180 0.6020 0.6770 0.0000
0.6800 0.6800 0.6950 0.7330 0.6460 0.6960 0.6070 0.5900 0.6400 0.7150
