0.7530 0.0000 0.0000 0.0000 0.0000 0.0000 0.0000 0.0000 0.0000 0.0000
0.7450 0.7280 0.0000 0.0000 0.0000 0.0000 0.0000 0.0000 0.0000 0.0000
0.7350 0.7270 0.7530 0.0000 0.0000 0.0000 0.0000 0.0000 0.0000 0.0000
0.7330 0.7180 0.7470 0.8030 0.0000 0.0000 0.0000 0.0000 0.0000 0.0000
0.7320 0.7210 0.7560 0.8070 0.7050 0.0000 0.0000 0.0000 0.0000 0.0000
0.7270 0.7170 0.7530 0.8040 0.7070 0.7720 0.0000 0.0000 0.0000 0.0000
0.7270 0.7210 0.7510 0.8000 0.7080 0.7690 0.7400 0.0000 0.0000 0.0000
0.7340 0.7180 0.7540 0.8010 0.7010 0.7720 0.7380 0.7190 0.0000 0.0000
0.7290 0.7180 0.7530 0.8010 0.7110 0.7700 0.7400 0.7170 0.7660 0.0000
0.7240 0.7150 0.7480 0.8020 0.7070 0.7690 0.7360 0.7180 0.7700 0.7720
