0.7370 0.0000 0.0000 0.0000 0.0000 0.0000 0.0000 0.0000 0.0000 0.0000
0.6440 0.6930 0.0000 0.0000 0.0000 0.0000 0.0000 0.0000 0.0000 0.0000
0.5920 0.6150 0.7470 0.0000 0.0000 0.0000 0.0000 0.0000 0.0000 0.0000
0.5700 0.5810 0.7100 0.7460 0.0000 0.0000 0.0000 0.0000 0.0000 0.0000
0.5840 0.6090 0.6870 0.7170 0.6520 0.0000 0.0000 0.0000 0.0000 0.0000
0.5710 0.5610 0.6430 0.7000 0.5840 0.7190 0.0000 0.0000 0.0000 0.0000
0.5840 0.5400 0.6570 0.6740 0.5720 0.6760 0.6780 0.0000 0.0000 0.0000
0.5650 0.5570 0.6660 0.6970 0.6100 0.6660 0.6750 0.6700 0.0000 0.0000
0.6440 0.5850 0.6590 0.6860 0.5820 0.6700 0.6700 0.6290 0.7230 0.0000
0.5850 0.5890 0.6700 0.6880 0.5740 0.6550 0.6650 0.6200 0.6880 0.6990
