0.9870 0.0000 0.0000 0.0000 0.0000 0.0000 0.0000 0.0000 0.0000 0.0000
0.9848 0.9786 0.0000 0.0000 0.0000 0.0000 0.0000 0.0000 0.0000 0.0000
0.9833 0.9732 0.9755 0.0000 0.0000 0.0000 0.0000 0.0000 0.0000 0.0000
0.9821 0.9665 0.9665 0.9689 0.0000 0.0000 0.0000 0.0000 0.0000 0.0000
0.9806 0.9603 0.9618 0.9640 0.9681 0.0000 0.0000 0.0000 0.0000 0.0000
0.9799 0.9565 0.9581 0.9590 0.9635 0.9621 0.0000 0.0000 0.0000 0.0000
0.9778 0.9476 0.9543 0.9480 0.9579 0.9523 0.9583 0.0000 0.0000 0.0000
0.9780 0.9418 0.9418 0.9387 0.9499 0.9487 0.9527 0.9503 0.0000 0.0000
0.9778 0.9274 0.9365 0.9289 0.9444 0.9467 0.9486 0.9474 0.9407 0.0000
0.9778 0.9302 0.9263 0.9192 0.9413 0.9399 0.9463 0.9433 0.9371 0.9335
