0.9872 0.0000 0.0000 0.0000 0.0000 0.0000 0.0000 0.0000 0.0000 0.0000
0.9786 0.9829 0.0000 0.0000 0.0000 0.0000 0.0000 0.0000 0.0000 0.0000
0.9627 0.9788 0.9810 0.0000 0.0000 0.0000 0.0000 0.0000 0.0000 0.0000
0.9090 0.9718 0.9765 0.9768 0.0000 0.0000 0.0000 0.0000 0.0000 0.0000
0.8756 0.9669 0.9725 0.9731 0.9730 0.0000 0.0000 0.0000 0.0000 0.0000
0.8672 0.9649 0.9681 0.9706 0.9698 0.9718 0.0000 0.0000 0.0000 0.0000
0.8134 0.9536 0.9596 0.9650 0.9672 0.9684 0.9726 0.0000 0.0000 0.0000
0.7924 0.9360 0.9509 0.9555 0.9648 0.9615 0.9669 0.9688 0.0000 0.0000
0.7961 0.9167 0.9374 0.9353 0.9579 0.9587 0.9599 0.9637 0.9653 0.0000
0.7213 0.9079 0.9069 0.9221 0.9520 0.9498 0.9522 0.9593 0.9615 0.9641
