0.9825 0.0000 0.0000 0.0000 0.0000 0.0000 0.0000 0.0000 0.0000 0.0000
0.9825 0.9842 0.0000 0.0000 0.0000 0.0000 0.0000 0.0000 0.0000 0.0000
0.9824 0.9842 0.9833 0.0000 0.0000 0.0000 0.0000 0.0000 0.0000 0.0000
0.9825 0.9842 0.9833 0.9823 0.0000 0.0000 0.0000 0.0000 0.0000 0.0000
0.9825 0.9842 0.9833 0.9823 0.9839 0.0000 0.0000 0.0000 0.0000 0.0000
0.9825 0.9842 0.9833 0.9823 0.9839 0.9801 0.0000 0.0000 0.0000 0.0000
0.9825 0.9842 0.9833 0.9823 0.9839 0.9801 0.9746 0.0000 0.0000 0.0000
0.9825 0.9842 0.9833 0.9823 0.9839 0.9801 0.9746 0.9743 0.0000 0.0000
0.9825 0.9842 0.9833 0.9823 0.9839 0.9801 0.9746 0.9743 0.9752 0.0000
0.9825 0.9842 0.9833 0.9823 0.9839 0.9801 0.9746 0.9743 0.9752 0.9750
