0.9870 0.0000 0.0000 0.0000 0.0000 0.0000 0.0000 0.0000 0.0000 0.0000
0.9832 0.9833 0.0000 0.0000 0.0000 0.0000 0.0000 0.0000 0.0000 0.0000
0.9822 0.9793 0.9782 0.0000 0.0000 0.0000 0.0000 0.0000 0.0000 0.0000
0.9802 0.9767 0.9759 0.9702 0.0000 0.0000 0.0000 0.0000 0.0000 0.0000
0.9779 0.9755 0.9723 0.9578 0.9501 0.0000 0.0000 0.0000 0.0000 0.0000
0.9796 0.9760 0.9737 0.9577 0.9132 0.9456 0.0000 0.0000 0.0000 0.0000
0.9814 0.9770 0.9748 0.9554 0.9248 0.9022 0.9031 0.0000 0.0000 0.0000
0.9814 0.9780 0.9748 0.9476 0.9249 0.9100 0.8229 0.8855 0.0000 0.0000
0.9818 0.9748 0.9734 0.9549 0.9129 0.9160 0.8505 0.7198 0.8732 0.0000
0.9771 0.9701 0.9659 0.9395 0.8984 0.8896 0.8122 0.6772 0.7022 0.8267
