0.9861 0.0000 0.0000 0.0000 0.0000 0.0000 0.0000 0.0000 0.0000 0.0000 0.0000 0.0000 0.0000 0.0000 0.0000 0.0000 0.0000 0.0000 0.0000 0.0000
0.9849 0.9839 0.0000 0.0000 0.0000 0.0000 0.0000 0.0000 0.0000 0.0000 0.0000 0.0000 0.0000 0.0000 0.0000 0.0000 0.0000 0.0000 0.0000 0.0000
0.9832 0.9826 0.9801 0.0000 0.0000 0.0000 0.0000 0.0000 0.0000 0.0000 0.0000 0.0000 0.0000 0.0000 0.0000 0.0000 0.0000 0.0000 0.0000 0.0000
0.9826 0.9798 0.9699 0.9752 0.0000 0.0000 0.0000 0.0000 0.0000 0.0000 0.0000 0.0000 0.0000 0.0000 0.0000 0.0000 0.0000 0.0000 0.0000 0.0000
0.9842 0.9668 0.9715 0.9717 0.9608 0.0000 0.0000 0.0000 0.0000 0.0000 0.0000 0.0000 0.0000 0.0000 0.0000 0.0000 0.0000 0.0000 0.0000 0.0000
0.9840 0.9644 0.9703 0.9700 0.9483 0.9552 0.0000 0.0000 0.0000 0.0000 0.0000 0.0000 0.0000 0.0000 0.0000 0.0000 0.0000 0.0000 0.0000 0.0000
0.9835 0.9662 0.9689 0.9690 0.9320 0.9253 0.9341 0.0000 0.0000 0.0000 0.0000 0.0000 0.0000 0.0000 0.0000 0.0000 0.0000 0.0000 0.0000 0.0000
0.9832 0.9603 0.9600 0.9610 0.9360 0.9120 0.8983 0.9096 0.0000 0.0000 0.0000 0.0000 0.0000 0.0000 0.0000 0.0000 0.0000 0.0000 0.0000 0.0000
0.9835 0.9606 0.9602 0.9662 0.9343 0.8936 0.8954 0.8651 0.8768 0.0000 0.0000 0.0000 0.0000 0.0000 0.0000 0.0000 0.0000 0.0000 0.0000 0.0000
0.9837 0.9587 0.9581 0.9666 0.9361 0.8929 0.8601 0.8315 0.8447 0.8789 0.0000 0.0000 0.0000 0.0000 0.0000 0.0000 0.0000 0.0000 0.0000 0.0000
0.9828 0.9557 0.9564 0.9647 0.9343 0.8902 0.8695 0.7644 0.7936 0.7562 0.8715 0.0000 0.0000 0.0000 0.0000 0.0000 0.0000 0.0000 0.0000 0.0000
0.9825 0.9499 0.9564 0.9644 0.9302 0.8902 0.8699 0.7644 0.7761 0.7628 0.8386 0.8483 0.0000 0.0000 0.0000 0.0000 0.0000 0.0000 0.0000 0.0000
0.9827 0.9499 0.9564 0.9644 0.9302 0.8902 0.8674 0.7644 0.7762 0.7628 0.7764 0.8295 0.8221 0.0000 0.0000 0.0000 0.0000 0.0000 0.0000 0.0000
0.9827 0.9499 0.9548 0.9644 0.9299 0.8902 0.8434 0.7644 0.7673 0.7628 0.7233 0.8213 0.8170 0.8480 0.0000 0.0000 0.0000 0.0000 0.0000 0.0000
0.9827 0.9499 0.9548 0.9644 0.9299 0.8902 0.8434 0.7644 0.7673 0.7628 0.7233 0.7978 0.8170 0.8480 0.8233 0.0000 0.0000 0.0000 0.0000 0.0000
0.9827 0.9499 0.9548 0.9644 0.9299 0.8902 0.8434 0.7644 0.7673 0.7628 0.7233 0.7969 0.8170 0.8480 0.8109 0.8314 0.0000 0.0000 0.0000 0.0000
0.9827 0.9499 0.9548 0.9644 0.9299 0.8902 0.8434 0.7644 0.7673 0.7628 0.7233 0.7902 0.8170 0.8480 0.7344 0.8205 0.8185 0.0000 0.0000 0.0000
0.9827 0.9499 0.9548 0.9644 0.9299 0.8902 0.8434 0.7644 0.7673 0.7628 0.7233 0.7902 0.8170 0.8480 0.7344 0.8205 0.8185 0.8048 0.0000 0.0000
0.9827 0.9499 0.9548 0.9644 0.9299 0.8902 0.8434 0.7644 0.7673 0.7628 0.7233 0.7902 0.8170 0.8480 0.7344 0.8205 0.8185 0.8048 0.7983 0.0000
0.9827 0.9499 0.9548 0.9644 0.9299 0.8902 0.8434 0.7644 0.7673 0.7628 0.7233 0.7902 0.8170 0.8480 0.7344 0.8205 0.8185 0.8048 0.7983 0.8042
