0.9826 0.0000 0.0000 0.0000 0.0000 0.0000 0.0000 0.0000 0.0000 0.0000 0.0000 0.0000 0.0000 0.0000 0.0000 0.0000 0.0000 0.0000 0.0000 0.0000
0.9776 0.9826 0.0000 0.0000 0.0000 0.0000 0.0000 0.0000 0.0000 0.0000 0.0000 0.0000 0.0000 0.0000 0.0000 0.0000 0.0000 0.0000 0.0000 0.0000
0.9762 0.9800 0.9826 0.0000 0.0000 0.0000 0.0000 0.0000 0.0000 0.0000 0.0000 0.0000 0.0000 0.0000 0.0000 0.0000 0.0000 0.0000 0.0000 0.0000
0.9711 0.9736 0.9800 0.9780 0.0000 0.0000 0.0000 0.0000 0.0000 0.0000 0.0000 0.0000 0.0000 0.0000 0.0000 0.0000 0.0000 0.0000 0.0000 0.0000
0.9627 0.9720 0.9751 0.9644 0.9763 0.0000 0.0000 0.0000 0.0000 0.0000 0.0000 0.0000 0.0000 0.0000 0.0000 0.0000 0.0000 0.0000 0.0000 0.0000
0.9608 0.9657 0.9727 0.9524 0.9594 0.9735 0.0000 0.0000 0.0000 0.0000 0.0000 0.0000 0.0000 0.0000 0.0000 0.0000 0.0000 0.0000 0.0000 0.0000
0.9539 0.9588 0.9616 0.9337 0.9452 0.9641 0.9677 0.0000 0.0000 0.0000 0.0000 0.0000 0.0000 0.0000 0.0000 0.0000 0.0000 0.0000 0.0000 0.0000
0.9522 0.9474 0.9617 0.9027 0.9372 0.9558 0.9627 0.9632 0.0000 0.0000 0.0000 0.0000 0.0000 0.0000 0.0000 0.0000 0.0000 0.0000 0.0000 0.0000
0.9595 0.9460 0.9613 0.9117 0.9360 0.9545 0.9597 0.9469 0.9475 0.0000 0.0000 0.0000 0.0000 0.0000 0.0000 0.0000 0.0000 0.0000 0.0000 0.0000
0.9584 0.9440 0.9619 0.9022 0.9398 0.9487 0.9577 0.9376 0.9425 0.9386 0.0000 0.0000 0.0000 0.0000 0.0000 0.0000 0.0000 0.0000 0.0000 0.0000
0.9554 0.9465 0.9560 0.9024 0.9384 0.9499 0.9568 0.9312 0.9340 0.9205 0.9280 0.0000 0.0000 0.0000 0.0000 0.0000 0.0000 0.0000 0.0000 0.0000
0.9549 0.9436 0.9547 0.9027 0.9387 0.9491 0.9577 0.9362 0.9347 0.8989 0.8935 0.9195 0.0000 0.0000 0.0000 0.0000 0.0000 0.0000 0.0000 0.0000
0.9548 0.9433 0.9537 0.8236 0.9384 0.9493 0.9523 0.9358 0.9313 0.9008 0.8343 0.8970 0.9042 0.0000 0.0000 0.0000 0.0000 0.0000 0.0000 0.0000
0.9555 0.9432 0.9545 0.8258 0.9385 0.9457 0.9502 0.9382 0.9299 0.9104 0.8196 0.8949 0.8644 0.9087 0.0000 0.0000 0.0000 0.0000 0.0000 0.0000
0.9549 0.9432 0.9526 0.8256 0.9385 0.9184 0.9346 0.9361 0.9295 0.9099 0.8065 0.8760 0.8181 0.8842 0.8780 0.0000 0.0000 0.0000 0.0000 0.0000
0.9555 0.9432 0.9546 0.8226 0.9385 0.9306 0.9202 0.9318 0.9290 0.9109 0.8124 0.8277 0.7677 0.8155 0.7312 0.8716 0.0000 0.0000 0.0000 0.0000
0.9554 0.9432 0.9546 0.8234 0.9257 0.9273 0.9221 0.9307 0.9255 0.9099 0.6938 0.8252 0.7649 0.8159 0.6559 0.8572 0.8627 0.0000 0.0000 0.0000
0.9554 0.9432 0.9546 0.8232 0.9257 0.9273 0.9221 0.9299 0.9253 0.9113 0.7003 0.8273 0.7394 0.8246 0.6542 0.8608 0.8564 0.8524 0.0000 0.0000
0.9554 0.9432 0.9546 0.8232 0.9260 0.9269 0.9221 0.9295 0.9232 0.9105 0.6812 0.8282 0.7394 0.8134 0.6560 0.8600 0.8531 0.7738 0.8524 0.0000
0.9554 0.9432 0.9546 0.8234 0.9260 0.9269 0.9221 0.9303 0.9227 0.9115 0.6856 0.8253 0.7394 0.8222 0.6572 0.8554 0.8418 0.7432 0.8296 0.8171
