0.9842 0.0000 0.0000 0.0000 0.0000 0.0000 0.0000 0.0000 0.0000 0.0000 0.0000 0.0000 0.0000 0.0000 0.0000 0.0000 0.0000 0.0000 0.0000 0.0000
0.9751 0.9826 0.0000 0.0000 0.0000 0.0000 0.0000 0.0000 0.0000 0.0000 0.0000 0.0000 0.0000 0.0000 0.0000 0.0000 0.0000 0.0000 0.0000 0.0000
0.9678 0.9690 0.9829 0.0000 0.0000 0.0000 0.0000 0.0000 0.0000 0.0000 0.0000 0.0000 0.0000 0.0000 0.0000 0.0000 0.0000 0.0000 0.0000 0.0000
0.9493 0.9463 0.9746 0.9801 0.0000 0.0000 0.0000 0.0000 0.0000 0.0000 0.0000 0.0000 0.0000 0.0000 0.0000 0.0000 0.0000 0.0000 0.0000 0.0000
0.9529 0.9217 0.9539 0.9692 0.9784 0.0000 0.0000 0.0000 0.0000 0.0000 0.0000 0.0000 0.0000 0.0000 0.0000 0.0000 0.0000 0.0000 0.0000 0.0000
0.9357 0.9036 0.9441 0.9558 0.9675 0.9755 0.0000 0.0000 0.0000 0.0000 0.0000 0.0000 0.0000 0.0000 0.0000 0.0000 0.0000 0.0000 0.0000 0.0000
0.8882 0.8481 0.9130 0.9165 0.9494 0.9663 0.9693 0.0000 0.0000 0.0000 0.0000 0.0000 0.0000 0.0000 0.0000 0.0000 0.0000 0.0000 0.0000 0.0000
0.9225 0.8939 0.8696 0.8108 0.9110 0.9432 0.9277 0.9679 0.0000 0.0000 0.0000 0.0000 0.0000 0.0000 0.0000 0.0000 0.0000 0.0000 0.0000 0.0000
0.9233 0.8638 0.8305 0.7445 0.9174 0.9407 0.8648 0.9265 0.9655 0.0000 0.0000 0.0000 0.0000 0.0000 0.0000 0.0000 0.0000 0.0000 0.0000 0.0000
0.9083 0.8667 0.8008 0.7342 0.9212 0.9135 0.8890 0.8297 0.9185 0.9561 0.0000 0.0000 0.0000 0.0000 0.0000 0.0000 0.0000 0.0000 0.0000 0.0000
0.9075 0.8444 0.8130 0.7489 0.9161 0.9158 0.8430 0.7546 0.8677 0.9202 0.9534 0.0000 0.0000 0.0000 0.0000 0.0000 0.0000 0.0000 0.0000 0.0000
0.9007 0.8140 0.8315 0.6632 0.9070 0.8556 0.8349 0.7539 0.7238 0.9043 0.9123 0.9442 0.0000 0.0000 0.0000 0.0000 0.0000 0.0000 0.0000 0.0000
0.9034 0.7692 0.7762 0.6519 0.9080 0.8682 0.7807 0.7622 0.6507 0.8834 0.8634 0.9156 0.9406 0.0000 0.0000 0.0000 0.0000 0.0000 0.0000 0.0000
0.9033 0.7677 0.7672 0.6274 0.9047 0.8179 0.7317 0.7464 0.6611 0.8813 0.8738 0.8701 0.9025 0.9258 0.0000 0.0000 0.0000 0.0000 0.0000 0.0000
0.9032 0.7680 0.7633 0.6143 0.8988 0.8518 0.7312 0.7327 0.6428 0.8726 0.8330 0.8644 0.8828 0.8957 0.9136 0.0000 0.0000 0.0000 0.0000 0.0000
0.9030 0.7757 0.7663 0.6206 0.8993 0.8506 0.7310 0.7332 0.6219 0.8964 0.8728 0.8553 0.8733 0.8681 0.8571 0.9177 0.0000 0.0000 0.0000 0.0000
0.8895 0.7741 0.7557 0.6265 0.9013 0.8570 0.7395 0.7264 0.6377 0.8768 0.8551 0.8491 0.8749 0.8485 0.8749 0.8671 0.8842 0.0000 0.0000 0.0000
0.8881 0.7794 0.7583 0.6398 0.8857 0.8728 0.7018 0.7733 0.6342 0.8768 0.8492 0.8484 0.8692 0.8337 0.8762 0.7623 0.8387 0.8833 0.0000 0.0000
0.8881 0.7801 0.7653 0.6214 0.8805 0.8611 0.7276 0.7718 0.6179 0.8825 0.8557 0.8446 0.8456 0.8259 0.8490 0.7360 0.8003 0.8419 0.8949 0.0000
0.8881 0.7793 0.7647 0.6219 0.8789 0.8589 0.7352 0.7521 0.6244 0.8758 0.8316 0.8363 0.8443 0.8038 0.8699 0.7441 0.7876 0.8244 0.8409 0.8657
