0.9824 0.0000 0.0000 0.0000 0.0000 0.0000 0.0000 0.0000 0.0000 0.0000
0.9819 0.9835 0.0000 0.0000 0.0000 0.0000 0.0000 0.0000 0.0000 0.0000
0.9811 0.9828 0.9830 0.0000 0.0000 0.0000 0.0000 0.0000 0.0000 0.0000
0.9802 0.9814 0.9822 0.9818 0.0000 0.0000 0.0000 0.0000 0.0000 0.0000
0.9790 0.9812 0.9812 0.9814 0.9815 0.0000 0.0000 0.0000 0.0000 0.0000
0.9787 0.9809 0.9802 0.9812 0.9807 0.9815 0.0000 0.0000 0.0000 0.0000
0.9775 0.9787 0.9794 0.9791 0.9795 0.9800 0.9797 0.0000 0.0000 0.0000
0.9751 0.9773 0.9777 0.9763 0.9786 0.9786 0.9777 0.9793 0.0000 0.0000
0.9747 0.9761 0.9759 0.9749 0.9775 0.9782 0.9744 0.9746 0.9802 0.0000
0.9736 0.9744 0.9744 0.9729 0.9760 0.9775 0.9727 0.9727 0.9756 0.9773
