0.9818 0.0000 0.0000 0.0000 0.0000 0.0000 0.0000 0.0000 0.0000 0.0000 0.0000 0.0000 0.0000 0.0000 0.0000 0.0000 0.0000 0.0000 0.0000 0.0000
0.9815 0.9838 0.0000 0.0000 0.0000 0.0000 0.0000 0.0000 0.0000 0.0000 0.0000 0.0000 0.0000 0.0000 0.0000 0.0000 0.0000 0.0000 0.0000 0.0000
0.9801 0.9806 0.9848 0.0000 0.0000 0.0000 0.0000 0.0000 0.0000 0.0000 0.0000 0.0000 0.0000 0.0000 0.0000 0.0000 0.0000 0.0000 0.0000 0.0000
0.9780 0.9767 0.9811 0.9830 0.0000 0.0000 0.0000 0.0000 0.0000 0.0000 0.0000 0.0000 0.0000 0.0000 0.0000 0.0000 0.0000 0.0000 0.0000 0.0000
0.9729 0.9754 0.9776 0.9802 0.9815 0.0000 0.0000 0.0000 0.0000 0.0000 0.0000 0.0000 0.0000 0.0000 0.0000 0.0000 0.0000 0.0000 0.0000 0.0000
0.9713 0.9729 0.9750 0.9765 0.9791 0.9813 0.0000 0.0000 0.0000 0.0000 0.0000 0.0000 0.0000 0.0000 0.0000 0.0000 0.0000 0.0000 0.0000 0.0000
0.9651 0.9676 0.9709 0.9724 0.9750 0.9769 0.9791 0.0000 0.0000 0.0000 0.0000 0.0000 0.0000 0.0000 0.0000 0.0000 0.0000 0.0000 0.0000 0.0000
0.9670 0.9650 0.9648 0.9680 0.9734 0.9743 0.9759 0.9801 0.0000 0.0000 0.0000 0.0000 0.0000 0.0000 0.0000 0.0000 0.0000 0.0000 0.0000 0.0000
0.9626 0.9548 0.9566 0.9637 0.9734 0.9702 0.9732 0.9746 0.9808 0.0000 0.0000 0.0000 0.0000 0.0000 0.0000 0.0000 0.0000 0.0000 0.0000 0.0000
0.9581 0.9525 0.9507 0.9582 0.9706 0.9672 0.9716 0.9700 0.9742 0.9761 0.0000 0.0000 0.0000 0.0000 0.0000 0.0000 0.0000 0.0000 0.0000 0.0000
0.9502 0.9344 0.9357 0.9462 0.9649 0.9636 0.9653 0.9634 0.9728 0.9736 0.9772 0.0000 0.0000 0.0000 0.0000 0.0000 0.0000 0.0000 0.0000 0.0000
0.9480 0.9291 0.9283 0.9425 0.9567 0.9592 0.9597 0.9564 0.9682 0.9701 0.9691 0.9752 0.0000 0.0000 0.0000 0.0000 0.0000 0.0000 0.0000 0.0000
0.9576 0.9401 0.9327 0.9456 0.9598 0.9637 0.9622 0.9575 0.9682 0.9655 0.9485 0.9645 0.9702 0.0000 0.0000 0.0000 0.0000 0.0000 0.0000 0.0000
0.9517 0.9362 0.9316 0.9421 0.9566 0.9602 0.9611 0.9376 0.9593 0.9607 0.9433 0.9600 0.9657 0.9678 0.0000 0.0000 0.0000 0.0000 0.0000 0.0000
0.9254 0.9175 0.9033 0.9282 0.9472 0.9239 0.9265 0.9025 0.9592 0.9567 0.9337 0.9533 0.9566 0.9639 0.9640 0.0000 0.0000 0.0000 0.0000 0.0000
0.9452 0.9195 0.9032 0.9219 0.9379 0.9404 0.9154 0.9244 0.9579 0.9147 0.8952 0.9433 0.9459 0.9581 0.9547 0.9651 0.0000 0.0000 0.0000 0.0000
0.9484 0.8875 0.8938 0.9130 0.9316 0.9214 0.9182 0.9217 0.9489 0.9454 0.8937 0.9282 0.9414 0.9502 0.9415 0.9556 0.9686 0.0000 0.0000 0.0000
0.9325 0.8960 0.9142 0.9135 0.9346 0.9319 0.8827 0.9056 0.9368 0.9411 0.9021 0.9098 0.9434 0.9496 0.9346 0.9478 0.9623 0.9652 0.0000 0.0000
0.9373 0.8844 0.9057 0.9137 0.9413 0.9464 0.8858 0.8801 0.9059 0.9101 0.8931 0.9150 0.9401 0.9479 0.9258 0.9383 0.9568 0.9557 0.9645 0.0000
0.9217 0.8585 0.8624 0.9015 0.9051 0.9112 0.8823 0.7786 0.9175 0.8916 0.8940 0.8982 0.9387 0.9342 0.9035 0.9254 0.9482 0.9465 0.9487 0.9618
