0.9851 0.0000 0.0000 0.0000 0.0000 0.0000 0.0000 0.0000 0.0000 0.0000
0.9840 0.9779 0.0000 0.0000 0.0000 0.0000 0.0000 0.0000 0.0000 0.0000
0.9829 0.9764 0.9736 0.0000 0.0000 0.0000 0.0000 0.0000 0.0000 0.0000
0.9827 0.9756 0.9716 0.9748 0.0000 0.0000 0.0000 0.0000 0.0000 0.0000
0.9823 0.9748 0.9713 0.9701 0.9731 0.0000 0.0000 0.0000 0.0000 0.0000
0.9825 0.9737 0.9708 0.9675 0.9702 0.9706 0.0000 0.0000 0.0000 0.0000
0.9811 0.9723 0.9690 0.9634 0.9691 0.9680 0.9685 0.0000 0.0000 0.0000
0.9812 0.9677 0.9679 0.9602 0.9666 0.9640 0.9638 0.9651 0.0000 0.0000
0.9792 0.9662 0.9639 0.9565 0.9597 0.9634 0.9551 0.9620 0.9637 0.0000
0.9763 0.9634 0.9584 0.9524 0.9602 0.9540 0.9456 0.9542 0.9595 0.9634
