0.7920 0.0000 0.0000 0.0000 0.0000 0.0000 0.0000 0.0000 0.0000 0.0000 0.0000
0.7737 0.7960 0.0000 0.0000 0.0000 0.0000 0.0000 0.0000 0.0000 0.0000 0.0000
0.7763 0.7900 0.8300 0.0000 0.0000 0.0000 0.0000 0.0000 0.0000 0.0000 0.0000
0.7691 0.7830 0.8310 0.7150 0.0000 0.0000 0.0000 0.0000 0.0000 0.0000 0.0000
0.7692 0.7740 0.8300 0.7140 0.7330 0.0000 0.0000 0.0000 0.0000 0.0000 0.0000
0.7707 0.7830 0.8290 0.7160 0.7320 0.7290 0.0000 0.0000 0.0000 0.0000 0.0000
0.7704 0.7840 0.8290 0.7160 0.7320 0.7290 0.7260 0.0000 0.0000 0.0000 0.0000
0.7703 0.7840 0.8290 0.7170 0.7320 0.7290 0.7270 0.7170 0.0000 0.0000 0.0000
0.7692 0.7820 0.8290 0.7150 0.7290 0.7310 0.7290 0.7230 0.6990 0.0000 0.0000
0.7691 0.7820 0.8290 0.7150 0.7290 0.7310 0.7290 0.7200 0.6980 0.7350 0.0000
0.7690 0.7820 0.8280 0.7180 0.7320 0.7350 0.7300 0.7150 0.7040 0.7390 0.6760
