0.8399 0.0000 0.0000 0.0000 0.0000 0.0000 0.0000 0.0000 0.0000 0.0000 0.0000
0.8118 0.8100 0.0000 0.0000 0.0000 0.0000 0.0000 0.0000 0.0000 0.0000 0.0000
0.7895 0.7560 0.7390 0.0000 0.0000 0.0000 0.0000 0.0000 0.0000 0.0000 0.0000
0.7903 0.7530 0.7420 0.6650 0.0000 0.0000 0.0000 0.0000 0.0000 0.0000 0.0000
0.7921 0.7510 0.7390 0.6640 0.7230 0.0000 0.0000 0.0000 0.0000 0.0000 0.0000
0.7923 0.7520 0.7390 0.6660 0.7230 0.6440 0.0000 0.0000 0.0000 0.0000 0.0000
0.7929 0.7560 0.7340 0.6650 0.7220 0.6460 0.6830 0.0000 0.0000 0.0000 0.0000
0.7950 0.7560 0.7350 0.6660 0.7210 0.6460 0.6880 0.6740 0.0000 0.0000 0.0000
0.7940 0.7590 0.7340 0.6660 0.7220 0.6510 0.6900 0.6700 0.6770 0.0000 0.0000
0.7935 0.7620 0.7370 0.6740 0.7230 0.6500 0.6800 0.6720 0.6790 0.6370 0.0000
0.7946 0.7550 0.7370 0.6660 0.7230 0.6530 0.6750 0.6740 0.6800 0.6450 0.7510
