0.7772 0.0000 0.0000 0.0000 0.0000 0.0000 0.0000 0.0000 0.0000 0.0000 0.0000 
0.7772 0.8120 0.0000 0.0000 0.0000 0.0000 0.0000 0.0000 0.0000 0.0000 0.0000 
0.7772 0.8120 0.8180 0.0000 0.0000 0.0000 0.0000 0.0000 0.0000 0.0000 0.0000 
0.7772 0.8120 0.8180 0.8030 0.0000 0.0000 0.0000 0.0000 0.0000 0.0000 0.0000 
0.7772 0.8120 0.8180 0.8030 0.8350 0.0000 0.0000 0.0000 0.0000 0.0000 0.0000 
0.7772 0.8120 0.8180 0.8030 0.8350 0.7790 0.0000 0.0000 0.0000 0.0000 0.0000 
0.7772 0.8120 0.8180 0.8030 0.8350 0.7790 0.7970 0.0000 0.0000 0.0000 0.0000 
0.7772 0.8120 0.8180 0.8030 0.8350 0.7790 0.7970 0.7710 0.0000 0.0000 0.0000 
0.7772 0.8120 0.8180 0.8030 0.8350 0.7790 0.7970 0.7710 0.7880 0.0000 0.0000
0.7772 0.8120 0.8180 0.8030 0.8350 0.7790 0.7970 0.7710 0.7880 0.8180 0.0000
0.7772 0.8120 0.8180 0.8030 0.8350 0.7790 0.7970 0.7710 0.7880 0.8180 0.7840
