0.8060 0.0000 0.0000 0.0000 0.0000 0.0000 0.0000 0.0000 0.0000 0.0000 0.0000
0.7814 0.7820 0.0000 0.0000 0.0000 0.0000 0.0000 0.0000 0.0000 0.0000 0.0000
0.7801 0.7680 0.7580 0.0000 0.0000 0.0000 0.0000 0.0000 0.0000 0.0000 0.0000
0.7722 0.7510 0.7600 0.7590 0.0000 0.0000 0.0000 0.0000 0.0000 0.0000 0.0000
0.7727 0.7390 0.7420 0.7510 0.7880 0.0000 0.0000 0.0000 0.0000 0.0000 0.0000
0.7651 0.7350 0.7460 0.7450 0.7860 0.6970 0.0000 0.0000 0.0000 0.0000 0.0000
0.7651 0.7330 0.7200 0.7360 0.7660 0.6770 0.7650 0.0000 0.0000 0.0000 0.0000
0.7644 0.7420 0.6990 0.7390 0.7450 0.6550 0.7400 0.7020 0.0000 0.0000 0.0000
0.7647 0.7450 0.7120 0.7190 0.7310 0.6490 0.7320 0.6800 0.6730 0.0000 0.0000
0.7641 0.7420 0.7260 0.7280 0.7330 0.6500 0.7050 0.6580 0.6650 0.7260 0.0000
0.7694 0.7530 0.7220 0.7360 0.7310 0.6470 0.7110 0.6520 0.6400 0.7000 0.7180
