0.8123 0.0000 0.0000 0.0000 0.0000 0.0000 0.0000 0.0000 0.0000 0.0000 0.0000
0.8115 0.8250 0.0000 0.0000 0.0000 0.0000 0.0000 0.0000 0.0000 0.0000 0.0000
0.8139 0.8240 0.8100 0.0000 0.0000 0.0000 0.0000 0.0000 0.0000 0.0000 0.0000
0.8134 0.8230 0.8070 0.8060 0.0000 0.0000 0.0000 0.0000 0.0000 0.0000 0.0000
0.8112 0.8240 0.8060 0.7990 0.8350 0.0000 0.0000 0.0000 0.0000 0.0000 0.0000
0.8091 0.8160 0.8030 0.7980 0.8380 0.7530 0.0000 0.0000 0.0000 0.0000 0.0000
0.8100 0.8210 0.8030 0.7920 0.8400 0.7610 0.8050 0.0000 0.0000 0.0000 0.0000
0.8096 0.8190 0.8020 0.7940 0.8390 0.7590 0.8080 0.7800 0.0000 0.0000 0.0000
0.8083 0.8100 0.8080 0.7920 0.8390 0.7560 0.8040 0.7770 0.7910 0.0000 0.0000
0.8086 0.8110 0.8030 0.7900 0.8400 0.7560 0.8050 0.7800 0.7860 0.8040 0.0000
0.8089 0.8160 0.7980 0.7930 0.8410 0.7560 0.8020 0.7880 0.7800 0.8000 0.7840
