0.8459 0.0000 0.0000 0.0000 0.0000 0.0000 0.0000 0.0000 0.0000 0.0000 0.0000
0.8238 0.7710 0.0000 0.0000 0.0000 0.0000 0.0000 0.0000 0.0000 0.0000 0.0000
0.7980 0.7430 0.8060 0.0000 0.0000 0.0000 0.0000 0.0000 0.0000 0.0000 0.0000
0.8065 0.7430 0.7890 0.7380 0.0000 0.0000 0.0000 0.0000 0.0000 0.0000 0.0000
0.8083 0.7350 0.7830 0.7350 0.7710 0.0000 0.0000 0.0000 0.0000 0.0000 0.0000
0.7935 0.7310 0.7900 0.7240 0.7530 0.7440 0.0000 0.0000 0.0000 0.0000 0.0000
0.7951 0.7400 0.7680 0.7190 0.7600 0.7330 0.7240 0.0000 0.0000 0.0000 0.0000
0.7922 0.7280 0.7740 0.7250 0.7560 0.7360 0.7170 0.7340 0.0000 0.0000 0.0000
0.8056 0.7440 0.7800 0.7130 0.7490 0.7260 0.7120 0.7380 0.7360 0.0000 0.0000
0.8078 0.7420 0.7880 0.7080 0.7620 0.7400 0.7000 0.7320 0.7190 0.7470 0.0000
0.8013 0.7450 0.7870 0.7240 0.7540 0.7560 0.6970 0.7400 0.7300 0.7390 0.7180
