0.8519 0.0000 0.0000 0.0000 0.0000 0.0000 0.0000 0.0000 0.0000 0.0000 0.0000 0.0000 0.0000 0.0000 0.0000 0.0000 0.0000 0.0000 0.0000 0.0000 0.0000 0.0000 0.0000 0.0000 0.0000 0.0000 0.0000 0.0000 0.0000 0.0000 0.0000 0.0000 0.0000 0.0000 0.0000 0.0000 0.0000 0.0000 0.0000 0.0000 0.0000 0.0000 0.0000 0.0000 0.0000 0.0000 0.0000 0.0000 0.0000 0.0000
0.8519 0.8706 0.0000 0.0000 0.0000 0.0000 0.0000 0.0000 0.0000 0.0000 0.0000 0.0000 0.0000 0.0000 0.0000 0.0000 0.0000 0.0000 0.0000 0.0000 0.0000 0.0000 0.0000 0.0000 0.0000 0.0000 0.0000 0.0000 0.0000 0.0000 0.0000 0.0000 0.0000 0.0000 0.0000 0.0000 0.0000 0.0000 0.0000 0.0000 0.0000 0.0000 0.0000 0.0000 0.0000 0.0000 0.0000 0.0000 0.0000 0.0000
0.8487 0.8712 0.9187 0.0000 0.0000 0.0000 0.0000 0.0000 0.0000 0.0000 0.0000 0.0000 0.0000 0.0000 0.0000 0.0000 0.0000 0.0000 0.0000 0.0000 0.0000 0.0000 0.0000 0.0000 0.0000 0.0000 0.0000 0.0000 0.0000 0.0000 0.0000 0.0000 0.0000 0.0000 0.0000 0.0000 0.0000 0.0000 0.0000 0.0000 0.0000 0.0000 0.0000 0.0000 0.0000 0.0000 0.0000 0.0000 0.0000 0.0000
0.8487 0.8719 0.9187 0.9148 0.0000 0.0000 0.0000 0.0000 0.0000 0.0000 0.0000 0.0000 0.0000 0.0000 0.0000 0.0000 0.0000 0.0000 0.0000 0.0000 0.0000 0.0000 0.0000 0.0000 0.0000 0.0000 0.0000 0.0000 0.0000 0.0000 0.0000 0.0000 0.0000 0.0000 0.0000 0.0000 0.0000 0.0000 0.0000 0.0000 0.0000 0.0000 0.0000 0.0000 0.0000 0.0000 0.0000 0.0000 0.0000 0.0000
0.8487 0.8719 0.9187 0.9148 0.7723 0.0000 0.0000 0.0000 0.0000 0.0000 0.0000 0.0000 0.0000 0.0000 0.0000 0.0000 0.0000 0.0000 0.0000 0.0000 0.0000 0.0000 0.0000 0.0000 0.0000 0.0000 0.0000 0.0000 0.0000 0.0000 0.0000 0.0000 0.0000 0.0000 0.0000 0.0000 0.0000 0.0000 0.0000 0.0000 0.0000 0.0000 0.0000 0.0000 0.0000 0.0000 0.0000 0.0000 0.0000 0.0000
0.8487 0.8719 0.9187 0.9148 0.7723 0.7521 0.0000 0.0000 0.0000 0.0000 0.0000 0.0000 0.0000 0.0000 0.0000 0.0000 0.0000 0.0000 0.0000 0.0000 0.0000 0.0000 0.0000 0.0000 0.0000 0.0000 0.0000 0.0000 0.0000 0.0000 0.0000 0.0000 0.0000 0.0000 0.0000 0.0000 0.0000 0.0000 0.0000 0.0000 0.0000 0.0000 0.0000 0.0000 0.0000 0.0000 0.0000 0.0000 0.0000 0.0000
0.8487 0.8719 0.9187 0.9148 0.7723 0.7521 0.7518 0.0000 0.0000 0.0000 0.0000 0.0000 0.0000 0.0000 0.0000 0.0000 0.0000 0.0000 0.0000 0.0000 0.0000 0.0000 0.0000 0.0000 0.0000 0.0000 0.0000 0.0000 0.0000 0.0000 0.0000 0.0000 0.0000 0.0000 0.0000 0.0000 0.0000 0.0000 0.0000 0.0000 0.0000 0.0000 0.0000 0.0000 0.0000 0.0000 0.0000 0.0000 0.0000 0.0000
0.8487 0.8719 0.9187 0.9148 0.7723 0.7521 0.7518 0.9397 0.0000 0.0000 0.0000 0.0000 0.0000 0.0000 0.0000 0.0000 0.0000 0.0000 0.0000 0.0000 0.0000 0.0000 0.0000 0.0000 0.0000 0.0000 0.0000 0.0000 0.0000 0.0000 0.0000 0.0000 0.0000 0.0000 0.0000 0.0000 0.0000 0.0000 0.0000 0.0000 0.0000 0.0000 0.0000 0.0000 0.0000 0.0000 0.0000 0.0000 0.0000 0.0000
0.8487 0.8719 0.9187 0.9148 0.7723 0.7521 0.7518 0.9397 0.9690 0.0000 0.0000 0.0000 0.0000 0.0000 0.0000 0.0000 0.0000 0.0000 0.0000 0.0000 0.0000 0.0000 0.0000 0.0000 0.0000 0.0000 0.0000 0.0000 0.0000 0.0000 0.0000 0.0000 0.0000 0.0000 0.0000 0.0000 0.0000 0.0000 0.0000 0.0000 0.0000 0.0000 0.0000 0.0000 0.0000 0.0000 0.0000 0.0000 0.0000 0.0000
0.8487 0.8719 0.9187 0.9148 0.7723 0.7521 0.7518 0.9397 0.9690 0.9844 0.0000 0.0000 0.0000 0.0000 0.0000 0.0000 0.0000 0.0000 0.0000 0.0000 0.0000 0.0000 0.0000 0.0000 0.0000 0.0000 0.0000 0.0000 0.0000 0.0000 0.0000 0.0000 0.0000 0.0000 0.0000 0.0000 0.0000 0.0000 0.0000 0.0000 0.0000 0.0000 0.0000 0.0000 0.0000 0.0000 0.0000 0.0000 0.0000 0.0000
0.8487 0.8719 0.9187 0.9148 0.7723 0.7521 0.7518 0.9397 0.9690 0.9844 0.8981 0.0000 0.0000 0.0000 0.0000 0.0000 0.0000 0.0000 0.0000 0.0000 0.0000 0.0000 0.0000 0.0000 0.0000 0.0000 0.0000 0.0000 0.0000 0.0000 0.0000 0.0000 0.0000 0.0000 0.0000 0.0000 0.0000 0.0000 0.0000 0.0000 0.0000 0.0000 0.0000 0.0000 0.0000 0.0000 0.0000 0.0000 0.0000 0.0000
0.8487 0.8719 0.9187 0.9148 0.7723 0.7521 0.7518 0.9397 0.9690 0.9844 0.8981 0.9025 0.0000 0.0000 0.0000 0.0000 0.0000 0.0000 0.0000 0.0000 0.0000 0.0000 0.0000 0.0000 0.0000 0.0000 0.0000 0.0000 0.0000 0.0000 0.0000 0.0000 0.0000 0.0000 0.0000 0.0000 0.0000 0.0000 0.0000 0.0000 0.0000 0.0000 0.0000 0.0000 0.0000 0.0000 0.0000 0.0000 0.0000 0.0000
0.8487 0.8719 0.9187 0.9148 0.7723 0.7521 0.7518 0.9397 0.9690 0.9844 0.8981 0.9025 0.8409 0.0000 0.0000 0.0000 0.0000 0.0000 0.0000 0.0000 0.0000 0.0000 0.0000 0.0000 0.0000 0.0000 0.0000 0.0000 0.0000 0.0000 0.0000 0.0000 0.0000 0.0000 0.0000 0.0000 0.0000 0.0000 0.0000 0.0000 0.0000 0.0000 0.0000 0.0000 0.0000 0.0000 0.0000 0.0000 0.0000 0.0000
0.8487 0.8719 0.9187 0.9148 0.7723 0.7521 0.7518 0.9397 0.9690 0.9844 0.8981 0.9025 0.8409 0.5959 0.0000 0.0000 0.0000 0.0000 0.0000 0.0000 0.0000 0.0000 0.0000 0.0000 0.0000 0.0000 0.0000 0.0000 0.0000 0.0000 0.0000 0.0000 0.0000 0.0000 0.0000 0.0000 0.0000 0.0000 0.0000 0.0000 0.0000 0.0000 0.0000 0.0000 0.0000 0.0000 0.0000 0.0000 0.0000 0.0000
0.8487 0.8719 0.9187 0.9148 0.7723 0.7521 0.7518 0.9397 0.9690 0.9844 0.8981 0.9025 0.8409 0.5959 0.9356 0.0000 0.0000 0.0000 0.0000 0.0000 0.0000 0.0000 0.0000 0.0000 0.0000 0.0000 0.0000 0.0000 0.0000 0.0000 0.0000 0.0000 0.0000 0.0000 0.0000 0.0000 0.0000 0.0000 0.0000 0.0000 0.0000 0.0000 0.0000 0.0000 0.0000 0.0000 0.0000 0.0000 0.0000 0.0000
0.8487 0.8719 0.9187 0.9148 0.7723 0.7521 0.7518 0.9397 0.9690 0.9844 0.8981 0.9025 0.8409 0.5959 0.9356 0.9156 0.0000 0.0000 0.0000 0.0000 0.0000 0.0000 0.0000 0.0000 0.0000 0.0000 0.0000 0.0000 0.0000 0.0000 0.0000 0.0000 0.0000 0.0000 0.0000 0.0000 0.0000 0.0000 0.0000 0.0000 0.0000 0.0000 0.0000 0.0000 0.0000 0.0000 0.0000 0.0000 0.0000 0.0000
0.8487 0.8719 0.9187 0.9148 0.7723 0.7521 0.7518 0.9397 0.9690 0.9844 0.8981 0.9025 0.8409 0.5959 0.9356 0.9156 0.9000 0.0000 0.0000 0.0000 0.0000 0.0000 0.0000 0.0000 0.0000 0.0000 0.0000 0.0000 0.0000 0.0000 0.0000 0.0000 0.0000 0.0000 0.0000 0.0000 0.0000 0.0000 0.0000 0.0000 0.0000 0.0000 0.0000 0.0000 0.0000 0.0000 0.0000 0.0000 0.0000 0.0000
0.8487 0.8719 0.9187 0.9148 0.7723 0.7521 0.7518 0.9397 0.9690 0.9844 0.8981 0.9025 0.8409 0.5959 0.9356 0.9156 0.9000 0.9411 0.0000 0.0000 0.0000 0.0000 0.0000 0.0000 0.0000 0.0000 0.0000 0.0000 0.0000 0.0000 0.0000 0.0000 0.0000 0.0000 0.0000 0.0000 0.0000 0.0000 0.0000 0.0000 0.0000 0.0000 0.0000 0.0000 0.0000 0.0000 0.0000 0.0000 0.0000 0.0000
0.8487 0.8719 0.9187 0.9148 0.7723 0.7521 0.7518 0.9397 0.9690 0.9844 0.8981 0.9025 0.8409 0.5959 0.9356 0.9156 0.9000 0.9411 0.9273 0.0000 0.0000 0.0000 0.0000 0.0000 0.0000 0.0000 0.0000 0.0000 0.0000 0.0000 0.0000 0.0000 0.0000 0.0000 0.0000 0.0000 0.0000 0.0000 0.0000 0.0000 0.0000 0.0000 0.0000 0.0000 0.0000 0.0000 0.0000 0.0000 0.0000 0.0000
0.8487 0.8719 0.9187 0.9148 0.7723 0.7521 0.7518 0.9397 0.9690 0.9844 0.8981 0.9025 0.8409 0.5959 0.9356 0.9156 0.9000 0.9411 0.9273 0.8989 0.0000 0.0000 0.0000 0.0000 0.0000 0.0000 0.0000 0.0000 0.0000 0.0000 0.0000 0.0000 0.0000 0.0000 0.0000 0.0000 0.0000 0.0000 0.0000 0.0000 0.0000 0.0000 0.0000 0.0000 0.0000 0.0000 0.0000 0.0000 0.0000 0.0000
0.8487 0.8719 0.9187 0.9148 0.7723 0.7521 0.7518 0.9397 0.9690 0.9844 0.8981 0.9025 0.8409 0.5959 0.9356 0.9156 0.9000 0.9411 0.9273 0.8989 0.9379 0.0000 0.0000 0.0000 0.0000 0.0000 0.0000 0.0000 0.0000 0.0000 0.0000 0.0000 0.0000 0.0000 0.0000 0.0000 0.0000 0.0000 0.0000 0.0000 0.0000 0.0000 0.0000 0.0000 0.0000 0.0000 0.0000 0.0000 0.0000 0.0000
0.8487 0.8719 0.9187 0.9148 0.7723 0.7521 0.7518 0.9397 0.9690 0.9844 0.8981 0.9025 0.8409 0.5959 0.9356 0.9156 0.9000 0.9411 0.9273 0.8989 0.9379 0.7533 0.0000 0.0000 0.0000 0.0000 0.0000 0.0000 0.0000 0.0000 0.0000 0.0000 0.0000 0.0000 0.0000 0.0000 0.0000 0.0000 0.0000 0.0000 0.0000 0.0000 0.0000 0.0000 0.0000 0.0000 0.0000 0.0000 0.0000 0.0000
0.8487 0.8719 0.9187 0.9148 0.7723 0.7521 0.7518 0.9397 0.9690 0.9844 0.8981 0.9025 0.8409 0.5959 0.9356 0.9156 0.9000 0.9411 0.9273 0.8989 0.9379 0.7533 0.9067 0.0000 0.0000 0.0000 0.0000 0.0000 0.0000 0.0000 0.0000 0.0000 0.0000 0.0000 0.0000 0.0000 0.0000 0.0000 0.0000 0.0000 0.0000 0.0000 0.0000 0.0000 0.0000 0.0000 0.0000 0.0000 0.0000 0.0000
0.8487 0.8719 0.9187 0.9148 0.7723 0.7521 0.7518 0.9397 0.9690 0.9844 0.8981 0.9025 0.8409 0.5959 0.9356 0.9156 0.9000 0.9411 0.9273 0.8989 0.9379 0.7533 0.9067 0.7155 0.0000 0.0000 0.0000 0.0000 0.0000 0.0000 0.0000 0.0000 0.0000 0.0000 0.0000 0.0000 0.0000 0.0000 0.0000 0.0000 0.0000 0.0000 0.0000 0.0000 0.0000 0.0000 0.0000 0.0000 0.0000 0.0000
0.8487 0.8719 0.9187 0.9148 0.7723 0.7521 0.7518 0.9397 0.9690 0.9844 0.8981 0.9025 0.8409 0.5959 0.9356 0.9156 0.9000 0.9411 0.9273 0.8989 0.9379 0.7533 0.9067 0.7155 0.7219 0.0000 0.0000 0.0000 0.0000 0.0000 0.0000 0.0000 0.0000 0.0000 0.0000 0.0000 0.0000 0.0000 0.0000 0.0000 0.0000 0.0000 0.0000 0.0000 0.0000 0.0000 0.0000 0.0000 0.0000 0.0000
0.8487 0.8719 0.9187 0.9148 0.7723 0.7521 0.7518 0.9397 0.9690 0.9844 0.8981 0.9025 0.8409 0.5959 0.9356 0.9156 0.9000 0.9411 0.9273 0.8989 0.9379 0.7533 0.9067 0.7155 0.7219 0.9164 0.0000 0.0000 0.0000 0.0000 0.0000 0.0000 0.0000 0.0000 0.0000 0.0000 0.0000 0.0000 0.0000 0.0000 0.0000 0.0000 0.0000 0.0000 0.0000 0.0000 0.0000 0.0000 0.0000 0.0000
0.8487 0.8719 0.9187 0.9148 0.7723 0.7521 0.7518 0.9397 0.9690 0.9844 0.8981 0.9025 0.8409 0.5959 0.9356 0.9156 0.9000 0.9411 0.9273 0.8989 0.9379 0.7533 0.9067 0.7155 0.7219 0.9164 0.9089 0.0000 0.0000 0.0000 0.0000 0.0000 0.0000 0.0000 0.0000 0.0000 0.0000 0.0000 0.0000 0.0000 0.0000 0.0000 0.0000 0.0000 0.0000 0.0000 0.0000 0.0000 0.0000 0.0000
0.8494 0.8712 0.9187 0.9148 0.7723 0.7521 0.7518 0.9397 0.9690 0.9844 0.8981 0.9019 0.8409 0.5953 0.9356 0.9156 0.9000 0.9411 0.9273 0.8989 0.9379 0.7527 0.9067 0.7149 0.7219 0.9164 0.9089 0.5904 0.0000 0.0000 0.0000 0.0000 0.0000 0.0000 0.0000 0.0000 0.0000 0.0000 0.0000 0.0000 0.0000 0.0000 0.0000 0.0000 0.0000 0.0000 0.0000 0.0000 0.0000 0.0000
0.8494 0.8712 0.9187 0.9148 0.7723 0.7521 0.7518 0.9397 0.9690 0.9844 0.8981 0.9019 0.8409 0.5953 0.9356 0.9156 0.9000 0.9411 0.9273 0.8989 0.9379 0.7527 0.9067 0.7149 0.7219 0.9164 0.9089 0.5904 0.8512 0.0000 0.0000 0.0000 0.0000 0.0000 0.0000 0.0000 0.0000 0.0000 0.0000 0.0000 0.0000 0.0000 0.0000 0.0000 0.0000 0.0000 0.0000 0.0000 0.0000 0.0000
0.8494 0.8712 0.9187 0.9148 0.7723 0.7521 0.7518 0.9397 0.9690 0.9844 0.8981 0.9019 0.8409 0.5948 0.9356 0.9156 0.9000 0.9411 0.9273 0.8989 0.9379 0.7527 0.9067 0.7149 0.7219 0.9164 0.9089 0.5904 0.8512 0.8981 0.0000 0.0000 0.0000 0.0000 0.0000 0.0000 0.0000 0.0000 0.0000 0.0000 0.0000 0.0000 0.0000 0.0000 0.0000 0.0000 0.0000 0.0000 0.0000 0.0000
0.8494 0.8712 0.9187 0.9148 0.7723 0.7521 0.7518 0.9397 0.9690 0.9844 0.8981 0.9019 0.8409 0.5948 0.9356 0.9156 0.9000 0.9411 0.9273 0.8989 0.9379 0.7527 0.9067 0.7149 0.7219 0.9164 0.9089 0.5904 0.8512 0.8981 0.8596 0.0000 0.0000 0.0000 0.0000 0.0000 0.0000 0.0000 0.0000 0.0000 0.0000 0.0000 0.0000 0.0000 0.0000 0.0000 0.0000 0.0000 0.0000 0.0000
0.8494 0.8712 0.9187 0.9148 0.7723 0.7521 0.7518 0.9397 0.9690 0.9844 0.8981 0.9019 0.8409 0.5948 0.9356 0.9156 0.9000 0.9411 0.9273 0.8989 0.9379 0.7527 0.9067 0.7149 0.7219 0.9164 0.9089 0.5904 0.8512 0.8981 0.8596 0.6294 0.0000 0.0000 0.0000 0.0000 0.0000 0.0000 0.0000 0.0000 0.0000 0.0000 0.0000 0.0000 0.0000 0.0000 0.0000 0.0000 0.0000 0.0000
0.8494 0.8712 0.9187 0.9148 0.7723 0.7521 0.7518 0.9397 0.9690 0.9844 0.8981 0.9019 0.8409 0.5948 0.9356 0.9156 0.9000 0.9411 0.9273 0.8989 0.9379 0.7527 0.9067 0.7149 0.7219 0.9164 0.9089 0.5904 0.8512 0.8981 0.8596 0.6294 0.8971 0.0000 0.0000 0.0000 0.0000 0.0000 0.0000 0.0000 0.0000 0.0000 0.0000 0.0000 0.0000 0.0000 0.0000 0.0000 0.0000 0.0000
0.8494 0.8712 0.9187 0.9148 0.7723 0.7521 0.7518 0.9397 0.9690 0.9844 0.8981 0.9019 0.8409 0.5948 0.9356 0.9156 0.9000 0.9411 0.9273 0.8989 0.9379 0.7527 0.9067 0.7149 0.7219 0.9164 0.9089 0.5904 0.8512 0.8981 0.8596 0.6294 0.8971 0.8256 0.0000 0.0000 0.0000 0.0000 0.0000 0.0000 0.0000 0.0000 0.0000 0.0000 0.0000 0.0000 0.0000 0.0000 0.0000 0.0000
0.8494 0.8712 0.9187 0.9148 0.7723 0.7521 0.7518 0.9397 0.9690 0.9844 0.8981 0.9019 0.8409 0.5948 0.9356 0.9156 0.9000 0.9411 0.9273 0.8989 0.9379 0.7527 0.9067 0.7149 0.7219 0.9164 0.9089 0.5904 0.8512 0.8981 0.8596 0.6294 0.8971 0.8256 0.6810 0.0000 0.0000 0.0000 0.0000 0.0000 0.0000 0.0000 0.0000 0.0000 0.0000 0.0000 0.0000 0.0000 0.0000 0.0000
0.8494 0.8712 0.9187 0.9148 0.7723 0.7521 0.7518 0.9397 0.9690 0.9844 0.8981 0.9019 0.8409 0.5948 0.9356 0.9156 0.9000 0.9411 0.9273 0.8989 0.9379 0.7527 0.9067 0.7149 0.7219 0.9164 0.9089 0.5904 0.8512 0.8981 0.8596 0.6294 0.8971 0.8256 0.6810 0.6973 0.0000 0.0000 0.0000 0.0000 0.0000 0.0000 0.0000 0.0000 0.0000 0.0000 0.0000 0.0000 0.0000 0.0000
0.8494 0.8712 0.9187 0.9148 0.7723 0.7521 0.7518 0.9397 0.9690 0.9844 0.8981 0.9019 0.8409 0.5948 0.9356 0.9156 0.9000 0.9411 0.9273 0.8989 0.9379 0.7527 0.9067 0.7149 0.7219 0.9164 0.9089 0.5904 0.8512 0.8981 0.8596 0.6294 0.8971 0.8256 0.6810 0.6973 0.9087 0.0000 0.0000 0.0000 0.0000 0.0000 0.0000 0.0000 0.0000 0.0000 0.0000 0.0000 0.0000 0.0000
0.8494 0.8712 0.9187 0.9148 0.7723 0.7521 0.7518 0.9397 0.9690 0.9844 0.8981 0.9019 0.8409 0.5948 0.9356 0.9156 0.9000 0.9411 0.9273 0.8989 0.9379 0.7527 0.9067 0.7149 0.7219 0.9164 0.9089 0.5904 0.8512 0.8981 0.8596 0.6294 0.8971 0.8256 0.6810 0.6973 0.9087 0.8056 0.0000 0.0000 0.0000 0.0000 0.0000 0.0000 0.0000 0.0000 0.0000 0.0000 0.0000 0.0000
0.8494 0.8712 0.9187 0.9148 0.7723 0.7521 0.7518 0.9397 0.9690 0.9844 0.8981 0.9019 0.8409 0.5948 0.9356 0.9156 0.9000 0.9411 0.9273 0.8989 0.9379 0.7527 0.9067 0.7149 0.7219 0.9164 0.9089 0.5904 0.8512 0.8981 0.8596 0.6294 0.8971 0.8256 0.6810 0.6973 0.9087 0.8056 0.9231 0.0000 0.0000 0.0000 0.0000 0.0000 0.0000 0.0000 0.0000 0.0000 0.0000 0.0000
0.8494 0.8712 0.9187 0.9148 0.7723 0.7521 0.7518 0.9397 0.9690 0.9844 0.8981 0.9019 0.8409 0.5948 0.9356 0.9156 0.9000 0.9411 0.9273 0.8989 0.9379 0.7527 0.9067 0.7149 0.7219 0.9164 0.9089 0.5904 0.8512 0.8981 0.8596 0.6294 0.8971 0.8256 0.6810 0.6973 0.9087 0.8056 0.9231 0.8663 0.0000 0.0000 0.0000 0.0000 0.0000 0.0000 0.0000 0.0000 0.0000 0.0000
0.8494 0.8712 0.9187 0.9148 0.7723 0.7521 0.7518 0.9397 0.9690 0.9844 0.8981 0.9019 0.8409 0.5948 0.9356 0.9156 0.9000 0.9411 0.9273 0.8989 0.9379 0.7527 0.9067 0.7149 0.7219 0.9164 0.9089 0.5904 0.8512 0.8981 0.8596 0.6294 0.8971 0.8256 0.6810 0.6973 0.9087 0.8056 0.9231 0.8663 0.7170 0.0000 0.0000 0.0000 0.0000 0.0000 0.0000 0.0000 0.0000 0.0000
0.8494 0.8712 0.9187 0.9148 0.7723 0.7521 0.7518 0.9397 0.9690 0.9844 0.8981 0.9019 0.8409 0.5948 0.9356 0.9156 0.9000 0.9411 0.9273 0.8989 0.9379 0.7527 0.9067 0.7149 0.7219 0.9164 0.9089 0.5904 0.8512 0.8981 0.8596 0.6294 0.8971 0.8256 0.6810 0.6973 0.9087 0.8056 0.9231 0.8663 0.7170 0.7688 0.0000 0.0000 0.0000 0.0000 0.0000 0.0000 0.0000 0.0000
0.8494 0.8712 0.9187 0.9148 0.7723 0.7521 0.7518 0.9397 0.9690 0.9844 0.8981 0.9019 0.8409 0.5948 0.9356 0.9156 0.9000 0.9411 0.9273 0.8989 0.9379 0.7527 0.9067 0.7149 0.7219 0.9164 0.9089 0.5904 0.8512 0.8981 0.8596 0.6294 0.8971 0.8256 0.6810 0.6973 0.9087 0.8056 0.9231 0.8663 0.7170 0.7688 0.6530 0.0000 0.0000 0.0000 0.0000 0.0000 0.0000 0.0000
0.8494 0.8712 0.9187 0.9148 0.7723 0.7521 0.7518 0.9397 0.9690 0.9844 0.8981 0.9019 0.8409 0.5948 0.9356 0.9156 0.9000 0.9411 0.9273 0.8989 0.9379 0.7527 0.9067 0.7149 0.7219 0.9164 0.9089 0.5904 0.8512 0.8981 0.8596 0.6294 0.8971 0.8256 0.6810 0.6973 0.9087 0.8056 0.9231 0.8663 0.7170 0.7688 0.6530 0.9279 0.0000 0.0000 0.0000 0.0000 0.0000 0.0000
0.8494 0.8712 0.9187 0.9148 0.7723 0.7516 0.7512 0.9397 0.9690 0.9844 0.8981 0.9019 0.8404 0.5948 0.9348 0.9156 0.9000 0.9411 0.9273 0.8989 0.9379 0.7522 0.9067 0.7149 0.7219 0.9164 0.9089 0.5904 0.8512 0.8981 0.8596 0.6294 0.8971 0.8256 0.6810 0.6968 0.9087 0.8050 0.9221 0.8663 0.7170 0.7688 0.6530 0.9279 0.8337 0.0000 0.0000 0.0000 0.0000 0.0000
0.8494 0.8712 0.9187 0.9148 0.7723 0.7516 0.7512 0.9397 0.9690 0.9844 0.8981 0.9019 0.8404 0.5948 0.9348 0.9156 0.9000 0.9411 0.9273 0.8989 0.9379 0.7522 0.9067 0.7149 0.7219 0.9164 0.9089 0.5904 0.8512 0.8981 0.8596 0.6294 0.8971 0.8256 0.6810 0.6968 0.9087 0.8050 0.9221 0.8663 0.7170 0.7688 0.6530 0.9279 0.8337 0.8924 0.0000 0.0000 0.0000 0.0000
0.8494 0.8712 0.9187 0.9148 0.7723 0.7516 0.7518 0.9397 0.9690 0.9844 0.8981 0.9019 0.8404 0.5948 0.9348 0.9156 0.9000 0.9411 0.9273 0.8989 0.9379 0.7522 0.9067 0.7149 0.7219 0.9164 0.9089 0.5904 0.8512 0.8981 0.8596 0.6294 0.8971 0.8256 0.6810 0.6968 0.9087 0.8050 0.9231 0.8663 0.7170 0.7688 0.6530 0.9279 0.8337 0.8924 0.8917 0.0000 0.0000 0.0000
0.8494 0.8712 0.9187 0.9148 0.7723 0.7516 0.7518 0.9397 0.9690 0.9844 0.8981 0.9019 0.8404 0.5948 0.9348 0.9156 0.9000 0.9411 0.9273 0.8989 0.9379 0.7522 0.9067 0.7149 0.7219 0.9164 0.9089 0.5904 0.8512 0.8981 0.8596 0.6294 0.8971 0.8256 0.6810 0.6968 0.9087 0.8050 0.9231 0.8663 0.7170 0.7688 0.6530 0.9279 0.8337 0.8924 0.8917 0.5894 0.0000 0.0000
0.8494 0.8712 0.9187 0.9148 0.7723 0.7516 0.7518 0.9397 0.9690 0.9844 0.8981 0.9019 0.8404 0.5948 0.9348 0.9156 0.9000 0.9411 0.9273 0.8989 0.9379 0.7522 0.9067 0.7149 0.7219 0.9164 0.9089 0.5904 0.8512 0.8981 0.8596 0.6294 0.8971 0.8256 0.6810 0.6968 0.9087 0.8050 0.9231 0.8663 0.7170 0.7688 0.6530 0.9279 0.8337 0.8924 0.8917 0.5894 0.7778 0.0000
0.8494 0.8712 0.9187 0.9148 0.7723 0.7516 0.7518 0.9397 0.9690 0.9844 0.8981 0.9019 0.8404 0.5948 0.9348 0.9156 0.9000 0.9411 0.9273 0.8989 0.9379 0.7522 0.9067 0.7149 0.7219 0.9164 0.9089 0.5904 0.8512 0.8981 0.8596 0.6294 0.8971 0.8256 0.6810 0.6968 0.9087 0.8050 0.9231 0.8663 0.7170 0.7688 0.6530 0.9279 0.8337 0.8924 0.8917 0.5894 0.7778 0.8019