0.8413 0.0000 0.0000 0.0000 0.0000 0.0000 0.0000 0.0000 0.0000 0.0000 0.0000 0.0000 0.0000 0.0000 0.0000 0.0000 0.0000 0.0000 0.0000 0.0000 0.0000 0.0000 0.0000 0.0000 0.0000 0.0000 0.0000 0.0000 0.0000 0.0000 0.0000 0.0000 0.0000 0.0000 0.0000 0.0000 0.0000 0.0000 0.0000 0.0000 0.0000 0.0000 0.0000 0.0000 0.0000 0.0000 0.0000 0.0000 0.0000 0.0000
0.8375 0.8800 0.0000 0.0000 0.0000 0.0000 0.0000 0.0000 0.0000 0.0000 0.0000 0.0000 0.0000 0.0000 0.0000 0.0000 0.0000 0.0000 0.0000 0.0000 0.0000 0.0000 0.0000 0.0000 0.0000 0.0000 0.0000 0.0000 0.0000 0.0000 0.0000 0.0000 0.0000 0.0000 0.0000 0.0000 0.0000 0.0000 0.0000 0.0000 0.0000 0.0000 0.0000 0.0000 0.0000 0.0000 0.0000 0.0000 0.0000 0.0000
0.8394 0.8806 0.9450 0.0000 0.0000 0.0000 0.0000 0.0000 0.0000 0.0000 0.0000 0.0000 0.0000 0.0000 0.0000 0.0000 0.0000 0.0000 0.0000 0.0000 0.0000 0.0000 0.0000 0.0000 0.0000 0.0000 0.0000 0.0000 0.0000 0.0000 0.0000 0.0000 0.0000 0.0000 0.0000 0.0000 0.0000 0.0000 0.0000 0.0000 0.0000 0.0000 0.0000 0.0000 0.0000 0.0000 0.0000 0.0000 0.0000 0.0000
0.8413 0.8781 0.9425 0.9193 0.0000 0.0000 0.0000 0.0000 0.0000 0.0000 0.0000 0.0000 0.0000 0.0000 0.0000 0.0000 0.0000 0.0000 0.0000 0.0000 0.0000 0.0000 0.0000 0.0000 0.0000 0.0000 0.0000 0.0000 0.0000 0.0000 0.0000 0.0000 0.0000 0.0000 0.0000 0.0000 0.0000 0.0000 0.0000 0.0000 0.0000 0.0000 0.0000 0.0000 0.0000 0.0000 0.0000 0.0000 0.0000 0.0000
0.7925 0.8263 0.9362 0.8761 0.8160 0.0000 0.0000 0.0000 0.0000 0.0000 0.0000 0.0000 0.0000 0.0000 0.0000 0.0000 0.0000 0.0000 0.0000 0.0000 0.0000 0.0000 0.0000 0.0000 0.0000 0.0000 0.0000 0.0000 0.0000 0.0000 0.0000 0.0000 0.0000 0.0000 0.0000 0.0000 0.0000 0.0000 0.0000 0.0000 0.0000 0.0000 0.0000 0.0000 0.0000 0.0000 0.0000 0.0000 0.0000 0.0000
0.7063 0.6787 0.8838 0.7466 0.7957 0.8458 0.0000 0.0000 0.0000 0.0000 0.0000 0.0000 0.0000 0.0000 0.0000 0.0000 0.0000 0.0000 0.0000 0.0000 0.0000 0.0000 0.0000 0.0000 0.0000 0.0000 0.0000 0.0000 0.0000 0.0000 0.0000 0.0000 0.0000 0.0000 0.0000 0.0000 0.0000 0.0000 0.0000 0.0000 0.0000 0.0000 0.0000 0.0000 0.0000 0.0000 0.0000 0.0000 0.0000 0.0000
0.6012 0.5288 0.8138 0.5909 0.6824 0.8318 0.7976 0.0000 0.0000 0.0000 0.0000 0.0000 0.0000 0.0000 0.0000 0.0000 0.0000 0.0000 0.0000 0.0000 0.0000 0.0000 0.0000 0.0000 0.0000 0.0000 0.0000 0.0000 0.0000 0.0000 0.0000 0.0000 0.0000 0.0000 0.0000 0.0000 0.0000 0.0000 0.0000 0.0000 0.0000 0.0000 0.0000 0.0000 0.0000 0.0000 0.0000 0.0000 0.0000 0.0000
0.6300 0.5831 0.8363 0.6386 0.7335 0.8380 0.7970 0.9515 0.0000 0.0000 0.0000 0.0000 0.0000 0.0000 0.0000 0.0000 0.0000 0.0000 0.0000 0.0000 0.0000 0.0000 0.0000 0.0000 0.0000 0.0000 0.0000 0.0000 0.0000 0.0000 0.0000 0.0000 0.0000 0.0000 0.0000 0.0000 0.0000 0.0000 0.0000 0.0000 0.0000 0.0000 0.0000 0.0000 0.0000 0.0000 0.0000 0.0000 0.0000 0.0000
0.6569 0.6106 0.8550 0.6670 0.7500 0.8401 0.7951 0.9441 0.9629 0.0000 0.0000 0.0000 0.0000 0.0000 0.0000 0.0000 0.0000 0.0000 0.0000 0.0000 0.0000 0.0000 0.0000 0.0000 0.0000 0.0000 0.0000 0.0000 0.0000 0.0000 0.0000 0.0000 0.0000 0.0000 0.0000 0.0000 0.0000 0.0000 0.0000 0.0000 0.0000 0.0000 0.0000 0.0000 0.0000 0.0000 0.0000 0.0000 0.0000 0.0000
0.7019 0.6594 0.8700 0.7068 0.7718 0.8339 0.7872 0.9368 0.9629 0.9859 0.0000 0.0000 0.0000 0.0000 0.0000 0.0000 0.0000 0.0000 0.0000 0.0000 0.0000 0.0000 0.0000 0.0000 0.0000 0.0000 0.0000 0.0000 0.0000 0.0000 0.0000 0.0000 0.0000 0.0000 0.0000 0.0000 0.0000 0.0000 0.0000 0.0000 0.0000 0.0000 0.0000 0.0000 0.0000 0.0000 0.0000 0.0000 0.0000 0.0000
0.7362 0.7469 0.9050 0.8216 0.8144 0.8302 0.7341 0.9279 0.9543 0.9797 0.9067 0.0000 0.0000 0.0000 0.0000 0.0000 0.0000 0.0000 0.0000 0.0000 0.0000 0.0000 0.0000 0.0000 0.0000 0.0000 0.0000 0.0000 0.0000 0.0000 0.0000 0.0000 0.0000 0.0000 0.0000 0.0000 0.0000 0.0000 0.0000 0.0000 0.0000 0.0000 0.0000 0.0000 0.0000 0.0000 0.0000 0.0000 0.0000 0.0000
0.7556 0.7912 0.9162 0.8818 0.8154 0.8010 0.6811 0.9059 0.9440 0.9672 0.9038 0.8950 0.0000 0.0000 0.0000 0.0000 0.0000 0.0000 0.0000 0.0000 0.0000 0.0000 0.0000 0.0000 0.0000 0.0000 0.0000 0.0000 0.0000 0.0000 0.0000 0.0000 0.0000 0.0000 0.0000 0.0000 0.0000 0.0000 0.0000 0.0000 0.0000 0.0000 0.0000 0.0000 0.0000 0.0000 0.0000 0.0000 0.0000 0.0000
0.7056 0.7013 0.8825 0.8034 0.8016 0.8432 0.7360 0.9338 0.9534 0.9797 0.9058 0.8844 0.8846 0.0000 0.0000 0.0000 0.0000 0.0000 0.0000 0.0000 0.0000 0.0000 0.0000 0.0000 0.0000 0.0000 0.0000 0.0000 0.0000 0.0000 0.0000 0.0000 0.0000 0.0000 0.0000 0.0000 0.0000 0.0000 0.0000 0.0000 0.0000 0.0000 0.0000 0.0000 0.0000 0.0000 0.0000 0.0000 0.0000 0.0000
0.1656 0.1388 0.3625 0.1795 0.1617 0.2224 0.4067 0.4632 0.4707 0.4547 0.3865 0.1894 0.2139 0.8698 0.0000 0.0000 0.0000 0.0000 0.0000 0.0000 0.0000 0.0000 0.0000 0.0000 0.0000 0.0000 0.0000 0.0000 0.0000 0.0000 0.0000 0.0000 0.0000 0.0000 0.0000 0.0000 0.0000 0.0000 0.0000 0.0000 0.0000 0.0000 0.0000 0.0000 0.0000 0.0000 0.0000 0.0000 0.0000 0.0000
0.4044 0.3613 0.6637 0.4432 0.5234 0.6839 0.7122 0.9074 0.9147 0.9297 0.7413 0.5913 0.6957 0.5721 0.9288 0.0000 0.0000 0.0000 0.0000 0.0000 0.0000 0.0000 0.0000 0.0000 0.0000 0.0000 0.0000 0.0000 0.0000 0.0000 0.0000 0.0000 0.0000 0.0000 0.0000 0.0000 0.0000 0.0000 0.0000 0.0000 0.0000 0.0000 0.0000 0.0000 0.0000 0.0000 0.0000 0.0000 0.0000 0.0000
0.5731 0.5063 0.7750 0.6193 0.6633 0.8094 0.7713 0.9412 0.9474 0.9734 0.8510 0.7750 0.8226 0.4047 0.9061 0.9125 0.0000 0.0000 0.0000 0.0000 0.0000 0.0000 0.0000 0.0000 0.0000 0.0000 0.0000 0.0000 0.0000 0.0000 0.0000 0.0000 0.0000 0.0000 0.0000 0.0000 0.0000 0.0000 0.0000 0.0000 0.0000 0.0000 0.0000 0.0000 0.0000 0.0000 0.0000 0.0000 0.0000 0.0000
0.6481 0.5913 0.8200 0.7045 0.7027 0.8052 0.7701 0.9368 0.9603 0.9844 0.8760 0.8281 0.8385 0.3134 0.8492 0.9083 0.9066 0.0000 0.0000 0.0000 0.0000 0.0000 0.0000 0.0000 0.0000 0.0000 0.0000 0.0000 0.0000 0.0000 0.0000 0.0000 0.0000 0.0000 0.0000 0.0000 0.0000 0.0000 0.0000 0.0000 0.0000 0.0000 0.0000 0.0000 0.0000 0.0000 0.0000 0.0000 0.0000 0.0000
0.7437 0.7519 0.8863 0.8352 0.7548 0.7708 0.7171 0.8956 0.9483 0.9688 0.8885 0.8706 0.8317 0.2122 0.7061 0.8479 0.8632 0.9250 0.0000 0.0000 0.0000 0.0000 0.0000 0.0000 0.0000 0.0000 0.0000 0.0000 0.0000 0.0000 0.0000 0.0000 0.0000 0.0000 0.0000 0.0000 0.0000 0.0000 0.0000 0.0000 0.0000 0.0000 0.0000 0.0000 0.0000 0.0000 0.0000 0.0000 0.0000 0.0000
0.6950 0.6975 0.8675 0.7943 0.7553 0.8130 0.7335 0.9191 0.9578 0.9719 0.8923 0.8675 0.8538 0.2488 0.7803 0.8771 0.8882 0.9214 0.9114 0.0000 0.0000 0.0000 0.0000 0.0000 0.0000 0.0000 0.0000 0.0000 0.0000 0.0000 0.0000 0.0000 0.0000 0.0000 0.0000 0.0000 0.0000 0.0000 0.0000 0.0000 0.0000 0.0000 0.0000 0.0000 0.0000 0.0000 0.0000 0.0000 0.0000 0.0000
0.6388 0.6425 0.8425 0.7670 0.7447 0.8229 0.7213 0.9221 0.9534 0.9719 0.8875 0.8600 0.8591 0.2767 0.8167 0.8771 0.8941 0.8982 0.9114 0.8924 0.0000 0.0000 0.0000 0.0000 0.0000 0.0000 0.0000 0.0000 0.0000 0.0000 0.0000 0.0000 0.0000 0.0000 0.0000 0.0000 0.0000 0.0000 0.0000 0.0000 0.0000 0.0000 0.0000 0.0000 0.0000 0.0000 0.0000 0.0000 0.0000 0.0000
0.6762 0.7038 0.8700 0.8136 0.7644 0.8099 0.7067 0.9103 0.9491 0.9672 0.8913 0.8744 0.8558 0.2349 0.7583 0.8521 0.8831 0.9107 0.9102 0.8946 0.9159 0.0000 0.0000 0.0000 0.0000 0.0000 0.0000 0.0000 0.0000 0.0000 0.0000 0.0000 0.0000 0.0000 0.0000 0.0000 0.0000 0.0000 0.0000 0.0000 0.0000 0.0000 0.0000 0.0000 0.0000 0.0000 0.0000 0.0000 0.0000 0.0000
0.3531 0.2475 0.5713 0.3398 0.3926 0.5359 0.6146 0.8191 0.8353 0.8625 0.6000 0.3981 0.5524 0.6756 0.8485 0.7500 0.5971 0.6732 0.6352 0.6391 0.5500 0.8147 0.0000 0.0000 0.0000 0.0000 0.0000 0.0000 0.0000 0.0000 0.0000 0.0000 0.0000 0.0000 0.0000 0.0000 0.0000 0.0000 0.0000 0.0000 0.0000 0.0000 0.0000 0.0000 0.0000 0.0000 0.0000 0.0000 0.0000 0.0000
0.3481 0.2481 0.5663 0.3330 0.3862 0.5344 0.6177 0.8074 0.8302 0.8562 0.6038 0.3956 0.5447 0.6860 0.8561 0.7490 0.5846 0.6643 0.6318 0.6391 0.5439 0.8147 0.9173 0.0000 0.0000 0.0000 0.0000 0.0000 0.0000 0.0000 0.0000 0.0000 0.0000 0.0000 0.0000 0.0000 0.0000 0.0000 0.0000 0.0000 0.0000 0.0000 0.0000 0.0000 0.0000 0.0000 0.0000 0.0000 0.0000 0.0000
0.3281 0.1887 0.5188 0.2705 0.3261 0.4583 0.5189 0.7338 0.7664 0.8047 0.5279 0.2881 0.4654 0.6483 0.7030 0.6125 0.4971 0.6429 0.5364 0.5217 0.4530 0.7826 0.9087 0.8536 0.0000 0.0000 0.0000 0.0000 0.0000 0.0000 0.0000 0.0000 0.0000 0.0000 0.0000 0.0000 0.0000 0.0000 0.0000 0.0000 0.0000 0.0000 0.0000 0.0000 0.0000 0.0000 0.0000 0.0000 0.0000 0.0000
0.2656 0.1456 0.4462 0.2182 0.2410 0.3505 0.4091 0.5691 0.5948 0.6734 0.4192 0.1894 0.3380 0.6779 0.5447 0.4490 0.3191 0.5339 0.3955 0.4359 0.3348 0.6603 0.8635 0.8387 0.8125 0.0000 0.0000 0.0000 0.0000 0.0000 0.0000 0.0000 0.0000 0.0000 0.0000 0.0000 0.0000 0.0000 0.0000 0.0000 0.0000 0.0000 0.0000 0.0000 0.0000 0.0000 0.0000 0.0000 0.0000 0.0000
0.3694 0.2450 0.5550 0.3159 0.3936 0.5281 0.5848 0.8162 0.8379 0.8656 0.6106 0.3950 0.5562 0.5884 0.7917 0.7094 0.6184 0.7232 0.6409 0.6109 0.5447 0.8109 0.9125 0.8190 0.6948 0.9227 0.0000 0.0000 0.0000 0.0000 0.0000 0.0000 0.0000 0.0000 0.0000 0.0000 0.0000 0.0000 0.0000 0.0000 0.0000 0.0000 0.0000 0.0000 0.0000 0.0000 0.0000 0.0000 0.0000 0.0000
0.6631 0.5525 0.7362 0.6386 0.6011 0.6313 0.7134 0.8882 0.9345 0.9672 0.8000 0.7594 0.7452 0.2453 0.7273 0.8375 0.8375 0.9071 0.8761 0.8043 0.8356 0.5201 0.7077 0.3917 0.2604 0.7859 0.9000 0.0000 0.0000 0.0000 0.0000 0.0000 0.0000 0.0000 0.0000 0.0000 0.0000 0.0000 0.0000 0.0000 0.0000 0.0000 0.0000 0.0000 0.0000 0.0000 0.0000 0.0000 0.0000 0.0000
0.2894 0.3331 0.5650 0.4455 0.4383 0.5901 0.4829 0.7044 0.8060 0.7828 0.7154 0.6400 0.6611 0.3099 0.6636 0.6687 0.7140 0.5161 0.7591 0.6348 0.6606 0.3130 0.5740 0.2411 0.2229 0.4677 0.4839 0.6144 0.0000 0.0000 0.0000 0.0000 0.0000 0.0000 0.0000 0.0000 0.0000 0.0000 0.0000 0.0000 0.0000 0.0000 0.0000 0.0000 0.0000 0.0000 0.0000 0.0000 0.0000 0.0000
0.3775 0.4406 0.6750 0.5795 0.5404 0.6812 0.6091 0.8412 0.9121 0.8719 0.7990 0.7556 0.7707 0.3041 0.7826 0.8073 0.8287 0.6964 0.8466 0.7272 0.8091 0.4103 0.6731 0.3018 0.2396 0.5695 0.6018 0.5875 0.8555 0.0000 0.0000 0.0000 0.0000 0.0000 0.0000 0.0000 0.0000 0.0000 0.0000 0.0000 0.0000 0.0000 0.0000 0.0000 0.0000 0.0000 0.0000 0.0000 0.0000 0.0000
0.5475 0.6700 0.7975 0.7523 0.6399 0.6365 0.5951 0.8015 0.8914 0.8734 0.8135 0.8206 0.7837 0.1779 0.6114 0.7500 0.7662 0.8571 0.8648 0.7804 0.8568 0.2723 0.5240 0.1851 0.1365 0.4295 0.6696 0.5625 0.7994 0.8933 0.0000 0.0000 0.0000 0.0000 0.0000 0.0000 0.0000 0.0000 0.0000 0.0000 0.0000 0.0000 0.0000 0.0000 0.0000 0.0000 0.0000 0.0000 0.0000 0.0000
0.3988 0.4531 0.6825 0.5932 0.5404 0.6823 0.6634 0.9044 0.9345 0.9187 0.7990 0.7431 0.7524 0.3535 0.8583 0.8698 0.8559 0.7821 0.8636 0.7402 0.8280 0.5848 0.7837 0.4417 0.3313 0.6977 0.7625 0.5212 0.8213 0.8029 0.8519 0.0000 0.0000 0.0000 0.0000 0.0000 0.0000 0.0000 0.0000 0.0000 0.0000 0.0000 0.0000 0.0000 0.0000 0.0000 0.0000 0.0000 0.0000 0.0000
0.1275 0.1250 0.3525 0.1864 0.1745 0.2469 0.4116 0.5397 0.5353 0.5422 0.4087 0.2131 0.2490 0.7070 0.6053 0.4698 0.2985 0.3893 0.3761 0.4272 0.3129 0.5261 0.7510 0.5673 0.7292 0.6186 0.4536 0.4981 0.2970 0.3683 0.4538 0.8444 0.0000 0.0000 0.0000 0.0000 0.0000 0.0000 0.0000 0.0000 0.0000 0.0000 0.0000 0.0000 0.0000 0.0000 0.0000 0.0000 0.0000 0.0000
0.2969 0.3237 0.5975 0.4682 0.4356 0.6115 0.6213 0.8544 0.8983 0.8750 0.7240 0.5981 0.6447 0.4558 0.8864 0.8406 0.7581 0.6750 0.7852 0.6511 0.7265 0.6788 0.8596 0.5905 0.5000 0.7441 0.7107 0.5202 0.7146 0.7019 0.8240 0.5222 0.8846 0.0000 0.0000 0.0000 0.0000 0.0000 0.0000 0.0000 0.0000 0.0000 0.0000 0.0000 0.0000 0.0000 0.0000 0.0000 0.0000 0.0000
0.2725 0.2875 0.5625 0.4455 0.3984 0.5688 0.6128 0.8500 0.8698 0.8609 0.6904 0.5387 0.5947 0.5006 0.8856 0.8021 0.7081 0.6607 0.7352 0.6380 0.6705 0.7163 0.8817 0.6619 0.5708 0.7741 0.7143 0.4913 0.6396 0.6500 0.7913 0.5856 0.8769 0.8863 0.0000 0.0000 0.0000 0.0000 0.0000 0.0000 0.0000 0.0000 0.0000 0.0000 0.0000 0.0000 0.0000 0.0000 0.0000 0.0000
0.2637 0.2488 0.5200 0.3636 0.3559 0.4844 0.5537 0.8147 0.8017 0.8594 0.6087 0.4381 0.5111 0.5622 0.8235 0.6969 0.5934 0.6250 0.6375 0.5957 0.5758 0.7207 0.8788 0.7476 0.6927 0.8091 0.7125 0.4240 0.5055 0.5702 0.7144 0.6833 0.8394 0.8679 0.8190 0.0000 0.0000 0.0000 0.0000 0.0000 0.0000 0.0000 0.0000 0.0000 0.0000 0.0000 0.0000 0.0000 0.0000 0.0000
0.2800 0.2313 0.5013 0.3318 0.3452 0.4625 0.5122 0.8029 0.7647 0.8438 0.5721 0.3856 0.4774 0.5203 0.7629 0.6500 0.5801 0.6089 0.5943 0.5685 0.5356 0.6886 0.8615 0.7655 0.7198 0.8273 0.7536 0.3731 0.4433 0.5212 0.6894 0.6450 0.7981 0.8095 0.7924 0.8681 0.0000 0.0000 0.0000 0.0000 0.0000 0.0000 0.0000 0.0000 0.0000 0.0000 0.0000 0.0000 0.0000 0.0000
0.3550 0.3231 0.5650 0.4398 0.4309 0.5536 0.5817 0.8721 0.8690 0.8906 0.6837 0.5375 0.5822 0.4372 0.8212 0.7729 0.7162 0.7589 0.7239 0.6391 0.6818 0.7087 0.8817 0.6970 0.5729 0.8159 0.8018 0.4058 0.6171 0.6394 0.7990 0.5328 0.8625 0.8667 0.7647 0.8218 0.9187 0.0000 0.0000 0.0000 0.0000 0.0000 0.0000 0.0000 0.0000 0.0000 0.0000 0.0000 0.0000 0.0000
0.3006 0.2781 0.5350 0.3909 0.3878 0.5193 0.5622 0.8441 0.8397 0.8703 0.6327 0.4806 0.5418 0.4878 0.8121 0.7271 0.6632 0.6714 0.6830 0.6076 0.6250 0.7114 0.8846 0.7321 0.6438 0.8191 0.7643 0.4096 0.5500 0.6067 0.7596 0.5889 0.8510 0.8661 0.7951 0.8505 0.9262 0.8694 0.0000 0.0000 0.0000 0.0000 0.0000 0.0000 0.0000 0.0000 0.0000 0.0000 0.0000 0.0000
0.3594 0.3269 0.5575 0.4273 0.4298 0.5417 0.5744 0.8779 0.8759 0.8922 0.6788 0.5362 0.5745 0.4163 0.8038 0.7688 0.7235 0.7536 0.7227 0.6315 0.6750 0.7114 0.8779 0.6976 0.5698 0.8195 0.8125 0.3971 0.5982 0.6385 0.7894 0.4956 0.8510 0.8560 0.7446 0.8122 0.9225 0.8687 0.9346 0.0000 0.0000 0.0000 0.0000 0.0000 0.0000 0.0000 0.0000 0.0000 0.0000 0.0000
0.2994 0.2850 0.5337 0.4045 0.3979 0.5349 0.5805 0.8676 0.8552 0.8750 0.6413 0.4975 0.5514 0.4808 0.8273 0.7510 0.6757 0.6750 0.6977 0.6217 0.6371 0.7239 0.8962 0.7280 0.6271 0.8164 0.7625 0.4048 0.5683 0.6135 0.7663 0.5722 0.8558 0.8720 0.7929 0.8457 0.9225 0.8706 0.9346 0.8837 0.0000 0.0000 0.0000 0.0000 0.0000 0.0000 0.0000 0.0000 0.0000 0.0000
0.2231 0.2069 0.4800 0.3114 0.3064 0.4193 0.5226 0.7500 0.7578 0.7969 0.5394 0.3638 0.4423 0.5953 0.7947 0.6469 0.4765 0.5196 0.5591 0.5663 0.5068 0.6929 0.8721 0.7333 0.7219 0.7836 0.6250 0.3875 0.4366 0.5019 0.6269 0.7233 0.7721 0.8446 0.7984 0.8234 0.8788 0.8119 0.8683 0.8519 0.7980 0.0000 0.0000 0.0000 0.0000 0.0000 0.0000 0.0000 0.0000 0.0000
0.2288 0.2019 0.4775 0.3011 0.2957 0.4031 0.4951 0.7485 0.7328 0.7953 0.5269 0.3306 0.4322 0.5663 0.7553 0.5979 0.4610 0.5214 0.5250 0.5500 0.4902 0.6875 0.8635 0.7673 0.7490 0.8086 0.6589 0.3385 0.4030 0.4644 0.6125 0.6889 0.7615 0.8089 0.7924 0.8484 0.8875 0.8206 0.8788 0.8365 0.7920 0.8652 0.0000 0.0000 0.0000 0.0000 0.0000 0.0000 0.0000 0.0000
0.2581 0.1994 0.4762 0.2739 0.2968 0.4042 0.4409 0.7309 0.7043 0.7937 0.5125 0.3006 0.4250 0.5058 0.6750 0.5490 0.4691 0.5411 0.5136 0.5000 0.4530 0.6380 0.8173 0.7375 0.7188 0.8064 0.6946 0.2962 0.3720 0.4212 0.6067 0.5717 0.6952 0.7173 0.7370 0.8415 0.8512 0.8094 0.8913 0.8115 0.7030 0.8482 0.8396 0.0000 0.0000 0.0000 0.0000 0.0000 0.0000 0.0000
0.4825 0.4225 0.6425 0.4898 0.4872 0.5240 0.5787 0.8515 0.8931 0.9156 0.7048 0.6144 0.5909 0.2779 0.7417 0.7573 0.7625 0.8161 0.7909 0.6565 0.7364 0.5652 0.7481 0.5280 0.3781 0.8095 0.8607 0.3250 0.6524 0.6625 0.7740 0.3061 0.7885 0.7065 0.5190 0.5606 0.8475 0.7387 0.8625 0.7538 0.4670 0.4830 0.5646 0.9240 0.0000 0.0000 0.0000 0.0000 0.0000 0.0000
0.6938 0.6562 0.7487 0.7125 0.5090 0.3474 0.4744 0.6088 0.7241 0.8031 0.6183 0.6400 0.4731 0.0977 0.4682 0.5729 0.4794 0.7554 0.7273 0.6543 0.7636 0.1810 0.3635 0.1661 0.1104 0.3868 0.7357 0.3615 0.5262 0.7125 0.4654 0.0994 0.5452 0.2690 0.1109 0.1069 0.5587 0.1625 0.2106 0.2856 0.1610 0.1250 0.1146 0.5962 0.8260 0.0000 0.0000 0.0000 0.0000 0.0000
0.4931 0.5906 0.7475 0.7057 0.5973 0.6490 0.6329 0.8574 0.9267 0.9172 0.8298 0.8050 0.7625 0.2192 0.7545 0.8385 0.8338 0.8429 0.8739 0.7565 0.8553 0.4071 0.6740 0.3131 0.2104 0.5936 0.7500 0.4933 0.8262 0.8577 0.7981 0.2139 0.8173 0.6018 0.3674 0.3888 0.7812 0.5325 0.6962 0.5923 0.3370 0.3455 0.3463 0.7760 0.6558 0.8870 0.0000 0.0000 0.0000 0.0000
0.3613 0.4313 0.6650 0.5625 0.5117 0.6594 0.6183 0.8485 0.9198 0.8828 0.7962 0.7262 0.7245 0.3297 0.8311 0.8417 0.8125 0.7143 0.8375 0.6902 0.7886 0.5147 0.7615 0.4042 0.3219 0.6609 0.6518 0.5163 0.8122 0.7673 0.8308 0.3561 0.8673 0.7518 0.5212 0.5782 0.8288 0.6662 0.8365 0.7596 0.4620 0.5098 0.4573 0.6702 0.5538 0.8598 0.8800 0.0000 0.0000 0.0000
0.2481 0.2375 0.5238 0.3318 0.3266 0.4411 0.5104 0.7676 0.7707 0.8344 0.5673 0.3981 0.4712 0.5297 0.7712 0.6562 0.5029 0.5661 0.5739 0.5652 0.5220 0.6799 0.8615 0.7113 0.6833 0.7941 0.6804 0.3923 0.4646 0.5260 0.6548 0.6378 0.7808 0.8173 0.7967 0.8324 0.8825 0.8325 0.9019 0.8587 0.7910 0.8589 0.7713 0.6827 0.4635 0.6935 0.6375 0.8172 0.0000 0.0000
0.2850 0.2644 0.5525 0.3591 0.3670 0.4729 0.5305 0.8000 0.8267 0.8625 0.6038 0.4394 0.5159 0.4907 0.7841 0.6969 0.5699 0.6232 0.6239 0.5870 0.5697 0.6859 0.8692 0.7054 0.6417 0.8050 0.7143 0.3740 0.5152 0.5538 0.6942 0.5783 0.7933 0.8339 0.7995 0.8330 0.8938 0.8475 0.9173 0.8673 0.7670 0.8321 0.7780 0.7500 0.4875 0.7141 0.6708 0.8156 0.8650 0.0000
0.4469 0.4331 0.6650 0.4977 0.5090 0.5714 0.5872 0.8618 0.9078 0.9078 0.7394 0.6325 0.6673 0.3169 0.7932 0.7833 0.7485 0.8268 0.7750 0.6837 0.7303 0.5984 0.8163 0.5375 0.4115 0.7782 0.8286 0.3490 0.6811 0.6837 0.8029 0.3400 0.8183 0.7476 0.5832 0.6250 0.8512 0.7800 0.8971 0.7837 0.5290 0.5464 0.5841 0.8827 0.6019 0.8022 0.7975 0.5783 0.7700 0.8337