0.8381 0.0000 0.0000 0.0000 0.0000 0.0000 0.0000 0.0000 0.0000 0.0000 0.0000 0.0000 0.0000 0.0000 0.0000 0.0000 0.0000 0.0000 0.0000 0.0000 0.0000 0.0000 0.0000 0.0000 0.0000 0.0000 0.0000 0.0000 0.0000 0.0000 0.0000 0.0000 0.0000 0.0000 0.0000 0.0000 0.0000 0.0000 0.0000 0.0000 0.0000 0.0000 0.0000 0.0000 0.0000 0.0000 0.0000 0.0000 0.0000 0.0000
0.8381 0.8756 0.0000 0.0000 0.0000 0.0000 0.0000 0.0000 0.0000 0.0000 0.0000 0.0000 0.0000 0.0000 0.0000 0.0000 0.0000 0.0000 0.0000 0.0000 0.0000 0.0000 0.0000 0.0000 0.0000 0.0000 0.0000 0.0000 0.0000 0.0000 0.0000 0.0000 0.0000 0.0000 0.0000 0.0000 0.0000 0.0000 0.0000 0.0000 0.0000 0.0000 0.0000 0.0000 0.0000 0.0000 0.0000 0.0000 0.0000 0.0000
0.8381 0.8756 0.9512 0.0000 0.0000 0.0000 0.0000 0.0000 0.0000 0.0000 0.0000 0.0000 0.0000 0.0000 0.0000 0.0000 0.0000 0.0000 0.0000 0.0000 0.0000 0.0000 0.0000 0.0000 0.0000 0.0000 0.0000 0.0000 0.0000 0.0000 0.0000 0.0000 0.0000 0.0000 0.0000 0.0000 0.0000 0.0000 0.0000 0.0000 0.0000 0.0000 0.0000 0.0000 0.0000 0.0000 0.0000 0.0000 0.0000 0.0000
0.8381 0.8756 0.9512 0.8989 0.0000 0.0000 0.0000 0.0000 0.0000 0.0000 0.0000 0.0000 0.0000 0.0000 0.0000 0.0000 0.0000 0.0000 0.0000 0.0000 0.0000 0.0000 0.0000 0.0000 0.0000 0.0000 0.0000 0.0000 0.0000 0.0000 0.0000 0.0000 0.0000 0.0000 0.0000 0.0000 0.0000 0.0000 0.0000 0.0000 0.0000 0.0000 0.0000 0.0000 0.0000 0.0000 0.0000 0.0000 0.0000 0.0000
0.8381 0.8756 0.9512 0.8989 0.7984 0.0000 0.0000 0.0000 0.0000 0.0000 0.0000 0.0000 0.0000 0.0000 0.0000 0.0000 0.0000 0.0000 0.0000 0.0000 0.0000 0.0000 0.0000 0.0000 0.0000 0.0000 0.0000 0.0000 0.0000 0.0000 0.0000 0.0000 0.0000 0.0000 0.0000 0.0000 0.0000 0.0000 0.0000 0.0000 0.0000 0.0000 0.0000 0.0000 0.0000 0.0000 0.0000 0.0000 0.0000 0.0000
0.8381 0.8756 0.9512 0.8989 0.7984 0.8646 0.0000 0.0000 0.0000 0.0000 0.0000 0.0000 0.0000 0.0000 0.0000 0.0000 0.0000 0.0000 0.0000 0.0000 0.0000 0.0000 0.0000 0.0000 0.0000 0.0000 0.0000 0.0000 0.0000 0.0000 0.0000 0.0000 0.0000 0.0000 0.0000 0.0000 0.0000 0.0000 0.0000 0.0000 0.0000 0.0000 0.0000 0.0000 0.0000 0.0000 0.0000 0.0000 0.0000 0.0000
0.8381 0.8756 0.9512 0.8989 0.7984 0.8646 0.8207 0.0000 0.0000 0.0000 0.0000 0.0000 0.0000 0.0000 0.0000 0.0000 0.0000 0.0000 0.0000 0.0000 0.0000 0.0000 0.0000 0.0000 0.0000 0.0000 0.0000 0.0000 0.0000 0.0000 0.0000 0.0000 0.0000 0.0000 0.0000 0.0000 0.0000 0.0000 0.0000 0.0000 0.0000 0.0000 0.0000 0.0000 0.0000 0.0000 0.0000 0.0000 0.0000 0.0000
0.8381 0.8756 0.9512 0.8989 0.7984 0.8646 0.8207 0.9618 0.0000 0.0000 0.0000 0.0000 0.0000 0.0000 0.0000 0.0000 0.0000 0.0000 0.0000 0.0000 0.0000 0.0000 0.0000 0.0000 0.0000 0.0000 0.0000 0.0000 0.0000 0.0000 0.0000 0.0000 0.0000 0.0000 0.0000 0.0000 0.0000 0.0000 0.0000 0.0000 0.0000 0.0000 0.0000 0.0000 0.0000 0.0000 0.0000 0.0000 0.0000 0.0000
0.8381 0.8756 0.9512 0.8989 0.7984 0.8646 0.8207 0.9618 0.9672 0.0000 0.0000 0.0000 0.0000 0.0000 0.0000 0.0000 0.0000 0.0000 0.0000 0.0000 0.0000 0.0000 0.0000 0.0000 0.0000 0.0000 0.0000 0.0000 0.0000 0.0000 0.0000 0.0000 0.0000 0.0000 0.0000 0.0000 0.0000 0.0000 0.0000 0.0000 0.0000 0.0000 0.0000 0.0000 0.0000 0.0000 0.0000 0.0000 0.0000 0.0000
0.8381 0.8756 0.9512 0.8989 0.7984 0.8646 0.8207 0.9618 0.9672 0.9844 0.0000 0.0000 0.0000 0.0000 0.0000 0.0000 0.0000 0.0000 0.0000 0.0000 0.0000 0.0000 0.0000 0.0000 0.0000 0.0000 0.0000 0.0000 0.0000 0.0000 0.0000 0.0000 0.0000 0.0000 0.0000 0.0000 0.0000 0.0000 0.0000 0.0000 0.0000 0.0000 0.0000 0.0000 0.0000 0.0000 0.0000 0.0000 0.0000 0.0000
0.8381 0.8756 0.9512 0.8989 0.7984 0.8646 0.8207 0.9618 0.9672 0.9844 0.9221 0.0000 0.0000 0.0000 0.0000 0.0000 0.0000 0.0000 0.0000 0.0000 0.0000 0.0000 0.0000 0.0000 0.0000 0.0000 0.0000 0.0000 0.0000 0.0000 0.0000 0.0000 0.0000 0.0000 0.0000 0.0000 0.0000 0.0000 0.0000 0.0000 0.0000 0.0000 0.0000 0.0000 0.0000 0.0000 0.0000 0.0000 0.0000 0.0000
0.8381 0.8756 0.9512 0.8989 0.7984 0.8646 0.8207 0.9618 0.9672 0.9844 0.9221 0.9112 0.0000 0.0000 0.0000 0.0000 0.0000 0.0000 0.0000 0.0000 0.0000 0.0000 0.0000 0.0000 0.0000 0.0000 0.0000 0.0000 0.0000 0.0000 0.0000 0.0000 0.0000 0.0000 0.0000 0.0000 0.0000 0.0000 0.0000 0.0000 0.0000 0.0000 0.0000 0.0000 0.0000 0.0000 0.0000 0.0000 0.0000 0.0000
0.8381 0.8756 0.9512 0.8989 0.7984 0.8646 0.8207 0.9618 0.9672 0.9844 0.9221 0.9112 0.9014 0.0000 0.0000 0.0000 0.0000 0.0000 0.0000 0.0000 0.0000 0.0000 0.0000 0.0000 0.0000 0.0000 0.0000 0.0000 0.0000 0.0000 0.0000 0.0000 0.0000 0.0000 0.0000 0.0000 0.0000 0.0000 0.0000 0.0000 0.0000 0.0000 0.0000 0.0000 0.0000 0.0000 0.0000 0.0000 0.0000 0.0000
0.8381 0.8756 0.9512 0.8989 0.7984 0.8646 0.8207 0.9618 0.9672 0.9844 0.9221 0.9112 0.9014 0.8087 0.0000 0.0000 0.0000 0.0000 0.0000 0.0000 0.0000 0.0000 0.0000 0.0000 0.0000 0.0000 0.0000 0.0000 0.0000 0.0000 0.0000 0.0000 0.0000 0.0000 0.0000 0.0000 0.0000 0.0000 0.0000 0.0000 0.0000 0.0000 0.0000 0.0000 0.0000 0.0000 0.0000 0.0000 0.0000 0.0000
0.8381 0.8756 0.9512 0.8989 0.7984 0.8646 0.8207 0.9618 0.9672 0.9844 0.9221 0.9112 0.9014 0.8087 0.9530 0.0000 0.0000 0.0000 0.0000 0.0000 0.0000 0.0000 0.0000 0.0000 0.0000 0.0000 0.0000 0.0000 0.0000 0.0000 0.0000 0.0000 0.0000 0.0000 0.0000 0.0000 0.0000 0.0000 0.0000 0.0000 0.0000 0.0000 0.0000 0.0000 0.0000 0.0000 0.0000 0.0000 0.0000 0.0000
0.8381 0.8756 0.9512 0.8989 0.7984 0.8646 0.8207 0.9618 0.9672 0.9844 0.9221 0.9112 0.9014 0.8087 0.9530 0.9344 0.0000 0.0000 0.0000 0.0000 0.0000 0.0000 0.0000 0.0000 0.0000 0.0000 0.0000 0.0000 0.0000 0.0000 0.0000 0.0000 0.0000 0.0000 0.0000 0.0000 0.0000 0.0000 0.0000 0.0000 0.0000 0.0000 0.0000 0.0000 0.0000 0.0000 0.0000 0.0000 0.0000 0.0000
0.8381 0.8756 0.9512 0.8989 0.7984 0.8646 0.8207 0.9618 0.9672 0.9844 0.9221 0.9112 0.9014 0.8087 0.9530 0.9344 0.9074 0.0000 0.0000 0.0000 0.0000 0.0000 0.0000 0.0000 0.0000 0.0000 0.0000 0.0000 0.0000 0.0000 0.0000 0.0000 0.0000 0.0000 0.0000 0.0000 0.0000 0.0000 0.0000 0.0000 0.0000 0.0000 0.0000 0.0000 0.0000 0.0000 0.0000 0.0000 0.0000 0.0000
0.8381 0.8756 0.9512 0.8989 0.7984 0.8646 0.8207 0.9618 0.9672 0.9844 0.9221 0.9112 0.9014 0.8087 0.9530 0.9344 0.9074 0.9714 0.0000 0.0000 0.0000 0.0000 0.0000 0.0000 0.0000 0.0000 0.0000 0.0000 0.0000 0.0000 0.0000 0.0000 0.0000 0.0000 0.0000 0.0000 0.0000 0.0000 0.0000 0.0000 0.0000 0.0000 0.0000 0.0000 0.0000 0.0000 0.0000 0.0000 0.0000 0.0000
0.8381 0.8756 0.9512 0.8989 0.7984 0.8646 0.8207 0.9618 0.9672 0.9844 0.9221 0.9112 0.9014 0.8087 0.9530 0.9344 0.9074 0.9714 0.9341 0.0000 0.0000 0.0000 0.0000 0.0000 0.0000 0.0000 0.0000 0.0000 0.0000 0.0000 0.0000 0.0000 0.0000 0.0000 0.0000 0.0000 0.0000 0.0000 0.0000 0.0000 0.0000 0.0000 0.0000 0.0000 0.0000 0.0000 0.0000 0.0000 0.0000 0.0000
0.8381 0.8756 0.9512 0.8989 0.7984 0.8646 0.8207 0.9618 0.9672 0.9844 0.9221 0.9112 0.9014 0.8087 0.9530 0.9344 0.9074 0.9714 0.9341 0.9163 0.0000 0.0000 0.0000 0.0000 0.0000 0.0000 0.0000 0.0000 0.0000 0.0000 0.0000 0.0000 0.0000 0.0000 0.0000 0.0000 0.0000 0.0000 0.0000 0.0000 0.0000 0.0000 0.0000 0.0000 0.0000 0.0000 0.0000 0.0000 0.0000 0.0000
0.8381 0.8756 0.9512 0.8989 0.7984 0.8646 0.8207 0.9618 0.9672 0.9844 0.9221 0.9112 0.9014 0.8087 0.9530 0.9344 0.9074 0.9714 0.9341 0.9163 0.9553 0.0000 0.0000 0.0000 0.0000 0.0000 0.0000 0.0000 0.0000 0.0000 0.0000 0.0000 0.0000 0.0000 0.0000 0.0000 0.0000 0.0000 0.0000 0.0000 0.0000 0.0000 0.0000 0.0000 0.0000 0.0000 0.0000 0.0000 0.0000 0.0000
0.8381 0.8756 0.9512 0.8989 0.7984 0.8646 0.8207 0.9618 0.9672 0.9844 0.9221 0.9112 0.9014 0.8087 0.9530 0.9344 0.9074 0.9714 0.9341 0.9163 0.9553 0.8490 0.0000 0.0000 0.0000 0.0000 0.0000 0.0000 0.0000 0.0000 0.0000 0.0000 0.0000 0.0000 0.0000 0.0000 0.0000 0.0000 0.0000 0.0000 0.0000 0.0000 0.0000 0.0000 0.0000 0.0000 0.0000 0.0000 0.0000 0.0000
0.8381 0.8756 0.9512 0.8989 0.7984 0.8646 0.8207 0.9618 0.9672 0.9844 0.9221 0.9112 0.9014 0.8087 0.9530 0.9344 0.9074 0.9714 0.9341 0.9163 0.9553 0.8490 0.9250 0.0000 0.0000 0.0000 0.0000 0.0000 0.0000 0.0000 0.0000 0.0000 0.0000 0.0000 0.0000 0.0000 0.0000 0.0000 0.0000 0.0000 0.0000 0.0000 0.0000 0.0000 0.0000 0.0000 0.0000 0.0000 0.0000 0.0000
0.8381 0.8756 0.9512 0.8989 0.7984 0.8646 0.8207 0.9618 0.9672 0.9844 0.9221 0.9112 0.9014 0.8087 0.9530 0.9344 0.9074 0.9714 0.9341 0.9163 0.9553 0.8490 0.9250 0.8554 0.0000 0.0000 0.0000 0.0000 0.0000 0.0000 0.0000 0.0000 0.0000 0.0000 0.0000 0.0000 0.0000 0.0000 0.0000 0.0000 0.0000 0.0000 0.0000 0.0000 0.0000 0.0000 0.0000 0.0000 0.0000 0.0000
0.8381 0.8756 0.9512 0.8989 0.7984 0.8646 0.8207 0.9618 0.9672 0.9844 0.9221 0.9112 0.9014 0.8087 0.9530 0.9344 0.9074 0.9714 0.9341 0.9163 0.9553 0.8490 0.9250 0.8554 0.7812 0.0000 0.0000 0.0000 0.0000 0.0000 0.0000 0.0000 0.0000 0.0000 0.0000 0.0000 0.0000 0.0000 0.0000 0.0000 0.0000 0.0000 0.0000 0.0000 0.0000 0.0000 0.0000 0.0000 0.0000 0.0000
0.8381 0.8756 0.9512 0.8989 0.7984 0.8646 0.8207 0.9618 0.9672 0.9844 0.9221 0.9112 0.9014 0.8087 0.9530 0.9344 0.9074 0.9714 0.9341 0.9163 0.9553 0.8490 0.9250 0.8554 0.7812 0.9260 0.0000 0.0000 0.0000 0.0000 0.0000 0.0000 0.0000 0.0000 0.0000 0.0000 0.0000 0.0000 0.0000 0.0000 0.0000 0.0000 0.0000 0.0000 0.0000 0.0000 0.0000 0.0000 0.0000 0.0000
0.8381 0.8756 0.9512 0.8989 0.7984 0.8646 0.8207 0.9618 0.9672 0.9844 0.9221 0.9112 0.9014 0.8087 0.9530 0.9344 0.9074 0.9714 0.9341 0.9163 0.9553 0.8490 0.9250 0.8554 0.7812 0.9260 0.8750 0.0000 0.0000 0.0000 0.0000 0.0000 0.0000 0.0000 0.0000 0.0000 0.0000 0.0000 0.0000 0.0000 0.0000 0.0000 0.0000 0.0000 0.0000 0.0000 0.0000 0.0000 0.0000 0.0000
0.8381 0.8756 0.9512 0.8989 0.7984 0.8646 0.8207 0.9618 0.9672 0.9844 0.9221 0.9112 0.9014 0.8087 0.9530 0.9344 0.9074 0.9714 0.9341 0.9163 0.9553 0.8490 0.9250 0.8554 0.7812 0.9260 0.8750 0.6212 0.0000 0.0000 0.0000 0.0000 0.0000 0.0000 0.0000 0.0000 0.0000 0.0000 0.0000 0.0000 0.0000 0.0000 0.0000 0.0000 0.0000 0.0000 0.0000 0.0000 0.0000 0.0000
0.8381 0.8756 0.9512 0.8989 0.7984 0.8646 0.8207 0.9618 0.9672 0.9844 0.9221 0.9112 0.9014 0.8087 0.9530 0.9344 0.9074 0.9714 0.9341 0.9163 0.9553 0.8490 0.9250 0.8554 0.7812 0.9260 0.8750 0.6212 0.8909 0.0000 0.0000 0.0000 0.0000 0.0000 0.0000 0.0000 0.0000 0.0000 0.0000 0.0000 0.0000 0.0000 0.0000 0.0000 0.0000 0.0000 0.0000 0.0000 0.0000 0.0000
0.8381 0.8756 0.9512 0.8989 0.7984 0.8646 0.8207 0.9618 0.9672 0.9844 0.9221 0.9112 0.9014 0.8087 0.9530 0.9344 0.9074 0.9714 0.9341 0.9163 0.9553 0.8490 0.9250 0.8554 0.7812 0.9260 0.8750 0.6212 0.8909 0.9010 0.0000 0.0000 0.0000 0.0000 0.0000 0.0000 0.0000 0.0000 0.0000 0.0000 0.0000 0.0000 0.0000 0.0000 0.0000 0.0000 0.0000 0.0000 0.0000 0.0000
0.8381 0.8756 0.9512 0.8989 0.7984 0.8646 0.8207 0.9618 0.9672 0.9844 0.9221 0.9112 0.9014 0.8087 0.9530 0.9344 0.9074 0.9714 0.9341 0.9163 0.9553 0.8490 0.9250 0.8554 0.7812 0.9260 0.8750 0.6212 0.8909 0.9010 0.8962 0.0000 0.0000 0.0000 0.0000 0.0000 0.0000 0.0000 0.0000 0.0000 0.0000 0.0000 0.0000 0.0000 0.0000 0.0000 0.0000 0.0000 0.0000 0.0000
0.8381 0.8756 0.9512 0.8989 0.7984 0.8646 0.8207 0.9618 0.9672 0.9844 0.9221 0.9112 0.9014 0.8087 0.9530 0.9344 0.9074 0.9714 0.9341 0.9163 0.9553 0.8490 0.9250 0.8554 0.7812 0.9260 0.8750 0.6212 0.8909 0.9010 0.8962 0.8278 0.0000 0.0000 0.0000 0.0000 0.0000 0.0000 0.0000 0.0000 0.0000 0.0000 0.0000 0.0000 0.0000 0.0000 0.0000 0.0000 0.0000 0.0000
0.8381 0.8756 0.9512 0.8989 0.7984 0.8646 0.8207 0.9618 0.9672 0.9844 0.9221 0.9112 0.9014 0.8087 0.9530 0.9344 0.9074 0.9714 0.9341 0.9163 0.9553 0.8490 0.9250 0.8554 0.7812 0.9260 0.8750 0.6212 0.8909 0.9010 0.8962 0.8278 0.9010 0.0000 0.0000 0.0000 0.0000 0.0000 0.0000 0.0000 0.0000 0.0000 0.0000 0.0000 0.0000 0.0000 0.0000 0.0000 0.0000 0.0000
0.8381 0.8756 0.9512 0.8989 0.7984 0.8646 0.8207 0.9618 0.9672 0.9844 0.9221 0.9112 0.9014 0.8087 0.9530 0.9344 0.9074 0.9714 0.9341 0.9163 0.9553 0.8490 0.9250 0.8554 0.7812 0.9260 0.8750 0.6212 0.8909 0.9010 0.8962 0.8278 0.9010 0.8964 0.0000 0.0000 0.0000 0.0000 0.0000 0.0000 0.0000 0.0000 0.0000 0.0000 0.0000 0.0000 0.0000 0.0000 0.0000 0.0000
0.8381 0.8756 0.9512 0.8989 0.7984 0.8646 0.8207 0.9618 0.9672 0.9844 0.9221 0.9112 0.9014 0.8087 0.9530 0.9344 0.9074 0.9714 0.9341 0.9163 0.9553 0.8490 0.9250 0.8554 0.7812 0.9260 0.8750 0.6212 0.8909 0.9010 0.8962 0.8278 0.9010 0.8964 0.8478 0.0000 0.0000 0.0000 0.0000 0.0000 0.0000 0.0000 0.0000 0.0000 0.0000 0.0000 0.0000 0.0000 0.0000 0.0000
0.8381 0.8756 0.9512 0.8989 0.7984 0.8646 0.8207 0.9618 0.9672 0.9844 0.9221 0.9112 0.9014 0.8087 0.9530 0.9344 0.9074 0.9714 0.9341 0.9163 0.9553 0.8490 0.9250 0.8554 0.7812 0.9260 0.8750 0.6212 0.8909 0.9010 0.8962 0.8278 0.9010 0.8964 0.8478 0.8436 0.0000 0.0000 0.0000 0.0000 0.0000 0.0000 0.0000 0.0000 0.0000 0.0000 0.0000 0.0000 0.0000 0.0000
0.8381 0.8756 0.9512 0.8989 0.7984 0.8646 0.8207 0.9618 0.9672 0.9844 0.9221 0.9112 0.9014 0.8087 0.9530 0.9344 0.9074 0.9714 0.9341 0.9163 0.9553 0.8490 0.9250 0.8554 0.7812 0.9260 0.8750 0.6212 0.8909 0.9010 0.8962 0.8278 0.9010 0.8964 0.8478 0.8436 0.9212 0.0000 0.0000 0.0000 0.0000 0.0000 0.0000 0.0000 0.0000 0.0000 0.0000 0.0000 0.0000 0.0000
0.8381 0.8756 0.9512 0.8989 0.7984 0.8646 0.8207 0.9618 0.9672 0.9844 0.9221 0.9112 0.9014 0.8087 0.9530 0.9344 0.9074 0.9714 0.9341 0.9163 0.9553 0.8490 0.9250 0.8554 0.7812 0.9260 0.8750 0.6212 0.8909 0.9010 0.8962 0.8278 0.9010 0.8964 0.8478 0.8436 0.9212 0.8938 0.0000 0.0000 0.0000 0.0000 0.0000 0.0000 0.0000 0.0000 0.0000 0.0000 0.0000 0.0000
0.8381 0.8756 0.9512 0.8989 0.7984 0.8646 0.8207 0.9618 0.9672 0.9844 0.9221 0.9112 0.9014 0.8087 0.9530 0.9344 0.9074 0.9714 0.9341 0.9163 0.9553 0.8490 0.9250 0.8554 0.7812 0.9260 0.8750 0.6212 0.8909 0.9010 0.8962 0.8278 0.9010 0.8964 0.8478 0.8436 0.9212 0.8938 0.9423 0.0000 0.0000 0.0000 0.0000 0.0000 0.0000 0.0000 0.0000 0.0000 0.0000 0.0000
0.8381 0.8756 0.9512 0.8989 0.7984 0.8646 0.8207 0.9618 0.9672 0.9844 0.9221 0.9112 0.9014 0.8087 0.9530 0.9344 0.9074 0.9714 0.9341 0.9163 0.9553 0.8490 0.9250 0.8554 0.7812 0.9260 0.8750 0.6212 0.8909 0.9010 0.8962 0.8278 0.9010 0.8964 0.8478 0.8436 0.9212 0.8938 0.9423 0.8920 0.0000 0.0000 0.0000 0.0000 0.0000 0.0000 0.0000 0.0000 0.0000 0.0000
0.8381 0.8756 0.9512 0.8989 0.7984 0.8646 0.8207 0.9618 0.9672 0.9844 0.9221 0.9112 0.9014 0.8087 0.9530 0.9344 0.9074 0.9714 0.9341 0.9163 0.9553 0.8490 0.9250 0.8554 0.7812 0.9260 0.8750 0.6212 0.8909 0.9010 0.8962 0.8278 0.9010 0.8964 0.8478 0.8436 0.9212 0.8938 0.9423 0.8920 0.8210 0.0000 0.0000 0.0000 0.0000 0.0000 0.0000 0.0000 0.0000 0.0000
0.8381 0.8756 0.9512 0.8989 0.7984 0.8646 0.8207 0.9618 0.9672 0.9844 0.9221 0.9112 0.9014 0.8087 0.9530 0.9344 0.9074 0.9714 0.9341 0.9163 0.9553 0.8490 0.9250 0.8554 0.7812 0.9260 0.8750 0.6212 0.8909 0.9010 0.8962 0.8278 0.9010 0.8964 0.8478 0.8436 0.9212 0.8938 0.9423 0.8920 0.8210 0.8580 0.0000 0.0000 0.0000 0.0000 0.0000 0.0000 0.0000 0.0000
0.8381 0.8756 0.9512 0.8989 0.7984 0.8646 0.8207 0.9618 0.9672 0.9844 0.9221 0.9112 0.9014 0.8087 0.9530 0.9344 0.9074 0.9714 0.9341 0.9163 0.9553 0.8490 0.9250 0.8554 0.7812 0.9260 0.8750 0.6212 0.8909 0.9010 0.8962 0.8278 0.9010 0.8964 0.8478 0.8436 0.9212 0.8938 0.9423 0.8920 0.8210 0.8580 0.8335 0.0000 0.0000 0.0000 0.0000 0.0000 0.0000 0.0000
0.8381 0.8756 0.9512 0.8989 0.7984 0.8646 0.8207 0.9618 0.9672 0.9844 0.9221 0.9112 0.9014 0.8087 0.9530 0.9344 0.9074 0.9714 0.9341 0.9163 0.9553 0.8490 0.9250 0.8554 0.7812 0.9260 0.8750 0.6212 0.8909 0.9010 0.8962 0.8278 0.9010 0.8964 0.8478 0.8436 0.9212 0.8938 0.9423 0.8920 0.8210 0.8580 0.8335 0.9110 0.0000 0.0000 0.0000 0.0000 0.0000 0.0000
0.8381 0.8756 0.9512 0.8989 0.7984 0.8646 0.8207 0.9618 0.9672 0.9844 0.9221 0.9112 0.9014 0.8087 0.9530 0.9344 0.9074 0.9714 0.9341 0.9163 0.9553 0.8490 0.9250 0.8554 0.7812 0.9260 0.8750 0.6212 0.8909 0.9010 0.8962 0.8278 0.9010 0.8964 0.8478 0.8436 0.9212 0.8938 0.9423 0.8920 0.8210 0.8580 0.8335 0.9110 0.8000 0.0000 0.0000 0.0000 0.0000 0.0000
0.8381 0.8756 0.9512 0.8989 0.7984 0.8646 0.8207 0.9618 0.9672 0.9844 0.9221 0.9112 0.9014 0.8087 0.9530 0.9344 0.9074 0.9714 0.9341 0.9163 0.9553 0.8490 0.9250 0.8554 0.7812 0.9260 0.8750 0.6212 0.8909 0.9010 0.8962 0.8278 0.9010 0.8964 0.8478 0.8436 0.9212 0.8938 0.9423 0.8920 0.8210 0.8580 0.8335 0.9110 0.8000 0.9152 0.0000 0.0000 0.0000 0.0000
0.8381 0.8756 0.9512 0.8989 0.7984 0.8646 0.8207 0.9618 0.9672 0.9844 0.9221 0.9112 0.9014 0.8087 0.9530 0.9344 0.9074 0.9714 0.9341 0.9163 0.9553 0.8490 0.9250 0.8554 0.7812 0.9260 0.8750 0.6212 0.8909 0.9010 0.8962 0.8278 0.9010 0.8964 0.8478 0.8436 0.9212 0.8938 0.9423 0.8920 0.8210 0.8580 0.8335 0.9110 0.8000 0.9152 0.8967 0.0000 0.0000 0.0000
0.8381 0.8756 0.9512 0.8989 0.7984 0.8646 0.8207 0.9618 0.9672 0.9844 0.9221 0.9112 0.9014 0.8087 0.9530 0.9344 0.9074 0.9714 0.9341 0.9163 0.9553 0.8490 0.9250 0.8554 0.7812 0.9260 0.8750 0.6212 0.8909 0.9010 0.8962 0.8278 0.9010 0.8964 0.8478 0.8436 0.9212 0.8938 0.9423 0.8920 0.8210 0.8580 0.8335 0.9110 0.8000 0.9152 0.8967 0.8428 0.0000 0.0000
0.8381 0.8756 0.9512 0.8989 0.7984 0.8646 0.8207 0.9618 0.9672 0.9844 0.9221 0.9112 0.9014 0.8087 0.9530 0.9344 0.9074 0.9714 0.9341 0.9163 0.9553 0.8490 0.9250 0.8554 0.7812 0.9260 0.8750 0.6212 0.8909 0.9010 0.8962 0.8278 0.9010 0.8964 0.8478 0.8436 0.9212 0.8938 0.9423 0.8920 0.8210 0.8580 0.8335 0.9110 0.8000 0.9152 0.8967 0.8428 0.8694 0.0000
0.8381 0.8756 0.9512 0.8989 0.7984 0.8646 0.8207 0.9618 0.9672 0.9844 0.9221 0.9112 0.9014 0.8087 0.9530 0.9344 0.9074 0.9714 0.9341 0.9163 0.9553 0.8490 0.9250 0.8554 0.7812 0.9260 0.8750 0.6212 0.8909 0.9010 0.8962 0.8278 0.9010 0.8964 0.8478 0.8436 0.9212 0.8938 0.9423 0.8920 0.8210 0.8580 0.8335 0.9110 0.8000 0.9152 0.8967 0.8428 0.8694 0.8346
