0.8031 0.0000 0.0000 0.0000 0.0000 0.0000 0.0000 0.0000 0.0000 0.0000 0.0000 0.0000 0.0000 0.0000 0.0000 0.0000 0.0000 0.0000 0.0000 0.0000 0.0000 0.0000 0.0000 0.0000 0.0000 0.0000 0.0000 0.0000 0.0000 0.0000 0.0000 0.0000 0.0000 0.0000 0.0000 0.0000 0.0000 0.0000 0.0000 0.0000 0.0000 0.0000 0.0000 0.0000 0.0000 0.0000 0.0000 0.0000 0.0000 0.0000 
0.7706 0.8719 0.0000 0.0000 0.0000 0.0000 0.0000 0.0000 0.0000 0.0000 0.0000 0.0000 0.0000 0.0000 0.0000 0.0000 0.0000 0.0000 0.0000 0.0000 0.0000 0.0000 0.0000 0.0000 0.0000 0.0000 0.0000 0.0000 0.0000 0.0000 0.0000 0.0000 0.0000 0.0000 0.0000 0.0000 0.0000 0.0000 0.0000 0.0000 0.0000 0.0000 0.0000 0.0000 0.0000 0.0000 0.0000 0.0000 0.0000 0.0000 
0.7675 0.8419 0.9412 0.0000 0.0000 0.0000 0.0000 0.0000 0.0000 0.0000 0.0000 0.0000 0.0000 0.0000 0.0000 0.0000 0.0000 0.0000 0.0000 0.0000 0.0000 0.0000 0.0000 0.0000 0.0000 0.0000 0.0000 0.0000 0.0000 0.0000 0.0000 0.0000 0.0000 0.0000 0.0000 0.0000 0.0000 0.0000 0.0000 0.0000 0.0000 0.0000 0.0000 0.0000 0.0000 0.0000 0.0000 0.0000 0.0000 0.0000 
0.7806 0.8625 0.9288 0.9068 0.0000 0.0000 0.0000 0.0000 0.0000 0.0000 0.0000 0.0000 0.0000 0.0000 0.0000 0.0000 0.0000 0.0000 0.0000 0.0000 0.0000 0.0000 0.0000 0.0000 0.0000 0.0000 0.0000 0.0000 0.0000 0.0000 0.0000 0.0000 0.0000 0.0000 0.0000 0.0000 0.0000 0.0000 0.0000 0.0000 0.0000 0.0000 0.0000 0.0000 0.0000 0.0000 0.0000 0.0000 0.0000 0.0000 
0.7400 0.8412 0.9325 0.8761 0.8856 0.0000 0.0000 0.0000 0.0000 0.0000 0.0000 0.0000 0.0000 0.0000 0.0000 0.0000 0.0000 0.0000 0.0000 0.0000 0.0000 0.0000 0.0000 0.0000 0.0000 0.0000 0.0000 0.0000 0.0000 0.0000 0.0000 0.0000 0.0000 0.0000 0.0000 0.0000 0.0000 0.0000 0.0000 0.0000 0.0000 0.0000 0.0000 0.0000 0.0000 0.0000 0.0000 0.0000 0.0000 0.0000 
0.6975 0.8031 0.9338 0.8341 0.8495 0.8906 0.0000 0.0000 0.0000 0.0000 0.0000 0.0000 0.0000 0.0000 0.0000 0.0000 0.0000 0.0000 0.0000 0.0000 0.0000 0.0000 0.0000 0.0000 0.0000 0.0000 0.0000 0.0000 0.0000 0.0000 0.0000 0.0000 0.0000 0.0000 0.0000 0.0000 0.0000 0.0000 0.0000 0.0000 0.0000 0.0000 0.0000 0.0000 0.0000 0.0000 0.0000 0.0000 0.0000 0.0000 
0.6969 0.8075 0.9325 0.8511 0.8585 0.8823 0.8555 0.0000 0.0000 0.0000 0.0000 0.0000 0.0000 0.0000 0.0000 0.0000 0.0000 0.0000 0.0000 0.0000 0.0000 0.0000 0.0000 0.0000 0.0000 0.0000 0.0000 0.0000 0.0000 0.0000 0.0000 0.0000 0.0000 0.0000 0.0000 0.0000 0.0000 0.0000 0.0000 0.0000 0.0000 0.0000 0.0000 0.0000 0.0000 0.0000 0.0000 0.0000 0.0000 0.0000 
0.6919 0.7994 0.9300 0.8466 0.8394 0.8792 0.8512 0.9588 0.0000 0.0000 0.0000 0.0000 0.0000 0.0000 0.0000 0.0000 0.0000 0.0000 0.0000 0.0000 0.0000 0.0000 0.0000 0.0000 0.0000 0.0000 0.0000 0.0000 0.0000 0.0000 0.0000 0.0000 0.0000 0.0000 0.0000 0.0000 0.0000 0.0000 0.0000 0.0000 0.0000 0.0000 0.0000 0.0000 0.0000 0.0000 0.0000 0.0000 0.0000 0.0000 
0.7131 0.8156 0.9325 0.8648 0.8622 0.8714 0.8494 0.9441 0.9828 0.0000 0.0000 0.0000 0.0000 0.0000 0.0000 0.0000 0.0000 0.0000 0.0000 0.0000 0.0000 0.0000 0.0000 0.0000 0.0000 0.0000 0.0000 0.0000 0.0000 0.0000 0.0000 0.0000 0.0000 0.0000 0.0000 0.0000 0.0000 0.0000 0.0000 0.0000 0.0000 0.0000 0.0000 0.0000 0.0000 0.0000 0.0000 0.0000 0.0000 0.0000 
0.7481 0.8300 0.9338 0.8932 0.8559 0.8161 0.8280 0.9485 0.9793 0.9859 0.0000 0.0000 0.0000 0.0000 0.0000 0.0000 0.0000 0.0000 0.0000 0.0000 0.0000 0.0000 0.0000 0.0000 0.0000 0.0000 0.0000 0.0000 0.0000 0.0000 0.0000 0.0000 0.0000 0.0000 0.0000 0.0000 0.0000 0.0000 0.0000 0.0000 0.0000 0.0000 0.0000 0.0000 0.0000 0.0000 0.0000 0.0000 0.0000 0.0000 
0.7275 0.8212 0.9388 0.8807 0.8665 0.8391 0.8220 0.9456 0.9784 0.9797 0.9375 0.0000 0.0000 0.0000 0.0000 0.0000 0.0000 0.0000 0.0000 0.0000 0.0000 0.0000 0.0000 0.0000 0.0000 0.0000 0.0000 0.0000 0.0000 0.0000 0.0000 0.0000 0.0000 0.0000 0.0000 0.0000 0.0000 0.0000 0.0000 0.0000 0.0000 0.0000 0.0000 0.0000 0.0000 0.0000 0.0000 0.0000 0.0000 0.0000 
0.7450 0.8300 0.9212 0.8909 0.8638 0.7885 0.8043 0.9294 0.9759 0.9797 0.9394 0.9262 0.0000 0.0000 0.0000 0.0000 0.0000 0.0000 0.0000 0.0000 0.0000 0.0000 0.0000 0.0000 0.0000 0.0000 0.0000 0.0000 0.0000 0.0000 0.0000 0.0000 0.0000 0.0000 0.0000 0.0000 0.0000 0.0000 0.0000 0.0000 0.0000 0.0000 0.0000 0.0000 0.0000 0.0000 0.0000 0.0000 0.0000 0.0000 
0.6644 0.7844 0.9138 0.8034 0.8309 0.8641 0.8384 0.9456 0.9750 0.9672 0.8981 0.8794 0.9255 0.0000 0.0000 0.0000 0.0000 0.0000 0.0000 0.0000 0.0000 0.0000 0.0000 0.0000 0.0000 0.0000 0.0000 0.0000 0.0000 0.0000 0.0000 0.0000 0.0000 0.0000 0.0000 0.0000 0.0000 0.0000 0.0000 0.0000 0.0000 0.0000 0.0000 0.0000 0.0000 0.0000 0.0000 0.0000 0.0000 0.0000 
0.4544 0.5825 0.7538 0.6932 0.6676 0.6047 0.6890 0.8588 0.8957 0.8438 0.8279 0.7512 0.7428 0.8878 0.0000 0.0000 0.0000 0.0000 0.0000 0.0000 0.0000 0.0000 0.0000 0.0000 0.0000 0.0000 0.0000 0.0000 0.0000 0.0000 0.0000 0.0000 0.0000 0.0000 0.0000 0.0000 0.0000 0.0000 0.0000 0.0000 0.0000 0.0000 0.0000 0.0000 0.0000 0.0000 0.0000 0.0000 0.0000 0.0000 
0.6569 0.7681 0.9138 0.8284 0.8223 0.8417 0.8329 0.9397 0.9672 0.9750 0.9106 0.8800 0.8971 0.5855 0.9576 0.0000 0.0000 0.0000 0.0000 0.0000 0.0000 0.0000 0.0000 0.0000 0.0000 0.0000 0.0000 0.0000 0.0000 0.0000 0.0000 0.0000 0.0000 0.0000 0.0000 0.0000 0.0000 0.0000 0.0000 0.0000 0.0000 0.0000 0.0000 0.0000 0.0000 0.0000 0.0000 0.0000 0.0000 0.0000 
0.6550 0.7644 0.9175 0.8386 0.8314 0.8464 0.8396 0.9412 0.9733 0.9781 0.9192 0.8869 0.8995 0.5674 0.9583 0.9531 0.0000 0.0000 0.0000 0.0000 0.0000 0.0000 0.0000 0.0000 0.0000 0.0000 0.0000 0.0000 0.0000 0.0000 0.0000 0.0000 0.0000 0.0000 0.0000 0.0000 0.0000 0.0000 0.0000 0.0000 0.0000 0.0000 0.0000 0.0000 0.0000 0.0000 0.0000 0.0000 0.0000 0.0000 
0.6850 0.7675 0.9175 0.8432 0.8250 0.8661 0.8402 0.9529 0.9750 0.9797 0.9154 0.8825 0.9005 0.4727 0.9523 0.9448 0.9294 0.0000 0.0000 0.0000 0.0000 0.0000 0.0000 0.0000 0.0000 0.0000 0.0000 0.0000 0.0000 0.0000 0.0000 0.0000 0.0000 0.0000 0.0000 0.0000 0.0000 0.0000 0.0000 0.0000 0.0000 0.0000 0.0000 0.0000 0.0000 0.0000 0.0000 0.0000 0.0000 0.0000 
0.7119 0.7900 0.9138 0.8602 0.8239 0.8474 0.8293 0.9485 0.9767 0.9844 0.9298 0.9075 0.8673 0.3733 0.9364 0.9167 0.9118 0.9786 0.0000 0.0000 0.0000 0.0000 0.0000 0.0000 0.0000 0.0000 0.0000 0.0000 0.0000 0.0000 0.0000 0.0000 0.0000 0.0000 0.0000 0.0000 0.0000 0.0000 0.0000 0.0000 0.0000 0.0000 0.0000 0.0000 0.0000 0.0000 0.0000 0.0000 0.0000 0.0000 
0.6856 0.7731 0.9325 0.8545 0.8324 0.8562 0.8372 0.9441 0.9776 0.9828 0.9250 0.9019 0.8947 0.5035 0.9538 0.9427 0.9169 0.9732 0.9364 0.0000 0.0000 0.0000 0.0000 0.0000 0.0000 0.0000 0.0000 0.0000 0.0000 0.0000 0.0000 0.0000 0.0000 0.0000 0.0000 0.0000 0.0000 0.0000 0.0000 0.0000 0.0000 0.0000 0.0000 0.0000 0.0000 0.0000 0.0000 0.0000 0.0000 0.0000 
0.6669 0.7475 0.9188 0.8261 0.8277 0.8370 0.8232 0.9221 0.9733 0.9766 0.9183 0.8938 0.8803 0.5000 0.9538 0.9396 0.9110 0.9679 0.9352 0.9446 0.0000 0.0000 0.0000 0.0000 0.0000 0.0000 0.0000 0.0000 0.0000 0.0000 0.0000 0.0000 0.0000 0.0000 0.0000 0.0000 0.0000 0.0000 0.0000 0.0000 0.0000 0.0000 0.0000 0.0000 0.0000 0.0000 0.0000 0.0000 0.0000 0.0000 
0.6856 0.7812 0.9262 0.8625 0.8404 0.8354 0.8335 0.9221 0.9802 0.9797 0.9337 0.9094 0.8731 0.4320 0.9409 0.9427 0.9015 0.9786 0.9398 0.9272 0.9652 0.0000 0.0000 0.0000 0.0000 0.0000 0.0000 0.0000 0.0000 0.0000 0.0000 0.0000 0.0000 0.0000 0.0000 0.0000 0.0000 0.0000 0.0000 0.0000 0.0000 0.0000 0.0000 0.0000 0.0000 0.0000 0.0000 0.0000 0.0000 0.0000 
0.6219 0.7194 0.9000 0.8034 0.8027 0.8453 0.8427 0.9515 0.9759 0.9656 0.8962 0.8619 0.9034 0.6041 0.9470 0.9417 0.9132 0.9482 0.9182 0.9130 0.9364 0.8908 0.0000 0.0000 0.0000 0.0000 0.0000 0.0000 0.0000 0.0000 0.0000 0.0000 0.0000 0.0000 0.0000 0.0000 0.0000 0.0000 0.0000 0.0000 0.0000 0.0000 0.0000 0.0000 0.0000 0.0000 0.0000 0.0000 0.0000 0.0000 
0.5844 0.6856 0.8938 0.7761 0.7777 0.8177 0.8226 0.9456 0.9733 0.9578 0.8760 0.8481 0.8976 0.6297 0.9455 0.9333 0.9066 0.9339 0.9057 0.8870 0.9265 0.8842 0.9548 0.0000 0.0000 0.0000 0.0000 0.0000 0.0000 0.0000 0.0000 0.0000 0.0000 0.0000 0.0000 0.0000 0.0000 0.0000 0.0000 0.0000 0.0000 0.0000 0.0000 0.0000 0.0000 0.0000 0.0000 0.0000 0.0000 0.0000 
0.5750 0.6738 0.8662 0.7534 0.7479 0.8057 0.8183 0.9382 0.9690 0.9453 0.8654 0.8269 0.8875 0.6465 0.9205 0.9208 0.8971 0.9375 0.8932 0.8663 0.9083 0.8745 0.9538 0.8923 0.0000 0.0000 0.0000 0.0000 0.0000 0.0000 0.0000 0.0000 0.0000 0.0000 0.0000 0.0000 0.0000 0.0000 0.0000 0.0000 0.0000 0.0000 0.0000 0.0000 0.0000 0.0000 0.0000 0.0000 0.0000 0.0000 
0.5400 0.6475 0.8475 0.7341 0.7250 0.7714 0.7896 0.9324 0.9569 0.9234 0.8385 0.7912 0.8639 0.6686 0.9174 0.9250 0.8721 0.9286 0.8773 0.8587 0.8977 0.8603 0.9510 0.8732 0.8521 0.0000 0.0000 0.0000 0.0000 0.0000 0.0000 0.0000 0.0000 0.0000 0.0000 0.0000 0.0000 0.0000 0.0000 0.0000 0.0000 0.0000 0.0000 0.0000 0.0000 0.0000 0.0000 0.0000 0.0000 0.0000 
0.6706 0.7650 0.9075 0.8216 0.8351 0.8510 0.8445 0.9426 0.9759 0.9812 0.9183 0.8862 0.9101 0.5483 0.9530 0.9479 0.9162 0.9732 0.9318 0.9359 0.9492 0.8636 0.9452 0.8375 0.7438 0.9432 0.0000 0.0000 0.0000 0.0000 0.0000 0.0000 0.0000 0.0000 0.0000 0.0000 0.0000 0.0000 0.0000 0.0000 0.0000 0.0000 0.0000 0.0000 0.0000 0.0000 0.0000 0.0000 0.0000 0.0000 
0.6975 0.7844 0.9162 0.8693 0.8404 0.8526 0.8494 0.9471 0.9793 0.9828 0.9279 0.8981 0.9000 0.4448 0.9500 0.9417 0.9096 0.9750 0.9398 0.9348 0.9553 0.8196 0.9202 0.7399 0.6479 0.9400 0.8821 0.0000 0.0000 0.0000 0.0000 0.0000 0.0000 0.0000 0.0000 0.0000 0.0000 0.0000 0.0000 0.0000 0.0000 0.0000 0.0000 0.0000 0.0000 0.0000 0.0000 0.0000 0.0000 0.0000 
0.6094 0.6319 0.8112 0.7818 0.7011 0.5990 0.6305 0.7765 0.8991 0.9625 0.7856 0.8206 0.6029 0.2703 0.7856 0.7135 0.6426 0.9375 0.8250 0.7815 0.8818 0.3973 0.5971 0.2363 0.2073 0.7641 0.8268 0.7212 0.0000 0.0000 0.0000 0.0000 0.0000 0.0000 0.0000 0.0000 0.0000 0.0000 0.0000 0.0000 0.0000 0.0000 0.0000 0.0000 0.0000 0.0000 0.0000 0.0000 0.0000 0.0000 
0.6744 0.7494 0.9062 0.8386 0.8266 0.8359 0.8317 0.9441 0.9716 0.9781 0.9106 0.8956 0.8875 0.4297 0.9455 0.9312 0.9059 0.9768 0.9273 0.9359 0.9561 0.8321 0.9135 0.7292 0.6260 0.9373 0.8732 0.4740 0.9280 0.0000 0.0000 0.0000 0.0000 0.0000 0.0000 0.0000 0.0000 0.0000 0.0000 0.0000 0.0000 0.0000 0.0000 0.0000 0.0000 0.0000 0.0000 0.0000 0.0000 0.0000 
0.6850 0.7675 0.9025 0.8500 0.8207 0.8370 0.8299 0.9456 0.9767 0.9797 0.9173 0.9031 0.8788 0.3831 0.9409 0.9219 0.8971 0.9768 0.9295 0.9196 0.9530 0.7880 0.8981 0.6696 0.5802 0.9318 0.8732 0.3837 0.9250 0.9279 0.0000 0.0000 0.0000 0.0000 0.0000 0.0000 0.0000 0.0000 0.0000 0.0000 0.0000 0.0000 0.0000 0.0000 0.0000 0.0000 0.0000 0.0000 0.0000 0.0000 
0.6194 0.7081 0.8800 0.7830 0.7798 0.8312 0.8207 0.9441 0.9707 0.9656 0.8856 0.8544 0.8957 0.6041 0.9409 0.9344 0.9110 0.9554 0.9114 0.8967 0.9364 0.8815 0.9510 0.8833 0.8104 0.9300 0.8625 0.2904 0.8872 0.8865 0.9192 0.0000 0.0000 0.0000 0.0000 0.0000 0.0000 0.0000 0.0000 0.0000 0.0000 0.0000 0.0000 0.0000 0.0000 0.0000 0.0000 0.0000 0.0000 0.0000 
0.5344 0.6212 0.8150 0.7432 0.7234 0.7417 0.7689 0.9206 0.9422 0.9344 0.8558 0.7975 0.8365 0.7907 0.9318 0.9156 0.8478 0.9321 0.8898 0.8478 0.9053 0.8326 0.9452 0.8458 0.8354 0.9073 0.8446 0.3663 0.7872 0.8346 0.9019 0.8761 0.0000 0.0000 0.0000 0.0000 0.0000 0.0000 0.0000 0.0000 0.0000 0.0000 0.0000 0.0000 0.0000 0.0000 0.0000 0.0000 0.0000 0.0000 
0.6438 0.7081 0.8962 0.8125 0.7904 0.8365 0.8372 0.9500 0.9621 0.9750 0.9077 0.8688 0.8861 0.5738 0.9538 0.9448 0.9191 0.9625 0.9273 0.9250 0.9508 0.8815 0.9500 0.8589 0.7781 0.9332 0.8804 0.3962 0.9067 0.9048 0.9183 0.7600 0.9231 0.0000 0.0000 0.0000 0.0000 0.0000 0.0000 0.0000 0.0000 0.0000 0.0000 0.0000 0.0000 0.0000 0.0000 0.0000 0.0000 0.0000 
0.6012 0.6900 0.8625 0.7943 0.7638 0.8089 0.8098 0.9441 0.9612 0.9656 0.8981 0.8488 0.8774 0.6733 0.9439 0.9448 0.9059 0.9643 0.9227 0.9109 0.9432 0.8750 0.9558 0.8815 0.8156 0.9345 0.8589 0.3673 0.8713 0.8769 0.9154 0.8278 0.9163 0.9423 0.0000 0.0000 0.0000 0.0000 0.0000 0.0000 0.0000 0.0000 0.0000 0.0000 0.0000 0.0000 0.0000 0.0000 0.0000 0.0000 
0.5944 0.6800 0.8800 0.7625 0.7367 0.8135 0.8128 0.9515 0.9690 0.9391 0.8596 0.8219 0.8938 0.5983 0.9167 0.9167 0.9066 0.9161 0.8830 0.8576 0.8962 0.8772 0.9500 0.8833 0.8125 0.9177 0.8339 0.1885 0.8396 0.8231 0.9202 0.7800 0.8817 0.9208 0.8734 0.0000 0.0000 0.0000 0.0000 0.0000 0.0000 0.0000 0.0000 0.0000 0.0000 0.0000 0.0000 0.0000 0.0000 0.0000 
0.5700 0.6506 0.8438 0.7568 0.7154 0.7823 0.7957 0.9471 0.9578 0.9328 0.8529 0.8031 0.8591 0.6837 0.9129 0.9240 0.8882 0.9304 0.8955 0.8598 0.8985 0.8636 0.9510 0.8780 0.8417 0.9155 0.8464 0.2269 0.8232 0.8279 0.9058 0.8361 0.8875 0.9345 0.8652 0.8952 0.0000 0.0000 0.0000 0.0000 0.0000 0.0000 0.0000 0.0000 0.0000 0.0000 0.0000 0.0000 0.0000 0.0000 
0.6112 0.7106 0.8888 0.8034 0.7782 0.8307 0.8323 0.9544 0.9681 0.9672 0.9077 0.8631 0.8952 0.5878 0.9432 0.9427 0.9169 0.9571 0.9250 0.9152 0.9356 0.8810 0.9471 0.8720 0.7771 0.9273 0.8661 0.2962 0.8872 0.8808 0.9154 0.7400 0.9087 0.9310 0.8630 0.8649 0.9238 0.0000 0.0000 0.0000 0.0000 0.0000 0.0000 0.0000 0.0000 0.0000 0.0000 0.0000 0.0000 0.0000 
0.6200 0.7088 0.8712 0.7898 0.7755 0.8297 0.8268 0.9485 0.9716 0.9672 0.8942 0.8569 0.9005 0.5994 0.9364 0.9365 0.9154 0.9554 0.9239 0.9054 0.9371 0.8853 0.9529 0.8893 0.8010 0.9373 0.8661 0.3010 0.8817 0.8769 0.9163 0.7767 0.9125 0.9369 0.8679 0.8702 0.9150 0.9388 0.0000 0.0000 0.0000 0.0000 0.0000 0.0000 0.0000 0.0000 0.0000 0.0000 0.0000 0.0000 
0.5850 0.6906 0.8712 0.7830 0.7670 0.8104 0.8183 0.9471 0.9664 0.9469 0.8923 0.8450 0.8947 0.6564 0.9341 0.9385 0.9029 0.9500 0.9148 0.8880 0.9288 0.8902 0.9538 0.8810 0.8115 0.9368 0.8571 0.2606 0.8652 0.8519 0.9202 0.7983 0.9010 0.9357 0.8696 0.8654 0.9125 0.9344 0.9548 0.0000 0.0000 0.0000 0.0000 0.0000 0.0000 0.0000 0.0000 0.0000 0.0000 0.0000 
0.5656 0.6794 0.8550 0.7659 0.7559 0.8062 0.8207 0.9397 0.9612 0.9484 0.8875 0.8388 0.8817 0.6360 0.9348 0.9292 0.8978 0.9571 0.9136 0.8870 0.9273 0.8810 0.9490 0.8786 0.8094 0.9332 0.8571 0.2933 0.8591 0.8519 0.9212 0.8072 0.9058 0.9274 0.8609 0.8670 0.9088 0.9256 0.9510 0.9135 0.0000 0.0000 0.0000 0.0000 0.0000 0.0000 0.0000 0.0000 0.0000 0.0000 
0.5906 0.6838 0.8688 0.7807 0.7628 0.8099 0.8195 0.9456 0.9612 0.9578 0.8894 0.8506 0.8837 0.6058 0.9318 0.9323 0.9007 0.9554 0.9136 0.9000 0.9265 0.8739 0.9558 0.8792 0.8094 0.9327 0.8607 0.3548 0.8732 0.8558 0.9163 0.7978 0.9087 0.9321 0.8734 0.8527 0.9138 0.9300 0.9500 0.9154 0.8610 0.0000 0.0000 0.0000 0.0000 0.0000 0.0000 0.0000 0.0000 0.0000 
0.5337 0.6319 0.8388 0.7284 0.7149 0.7635 0.7902 0.9324 0.9534 0.9375 0.8635 0.8094 0.8591 0.6756 0.9129 0.9156 0.8684 0.9375 0.8886 0.8565 0.9000 0.8701 0.9481 0.8792 0.8292 0.9209 0.8518 0.2760 0.8134 0.8115 0.9154 0.8328 0.8885 0.9232 0.8609 0.8638 0.9038 0.9181 0.9500 0.9058 0.8660 0.9286 0.0000 0.0000 0.0000 0.0000 0.0000 0.0000 0.0000 0.0000 
0.5288 0.6281 0.8350 0.7227 0.7080 0.7562 0.7909 0.9368 0.9560 0.9250 0.8500 0.7881 0.8601 0.6878 0.9129 0.9177 0.8765 0.9286 0.8886 0.8576 0.8947 0.8690 0.9490 0.8804 0.8344 0.9132 0.8464 0.2462 0.8079 0.8240 0.9010 0.8339 0.8913 0.9339 0.8620 0.8814 0.9075 0.9225 0.9490 0.9038 0.8640 0.9241 0.8695 0.0000 0.0000 0.0000 0.0000 0.0000 0.0000 0.0000 
0.6419 0.7200 0.8850 0.8261 0.7984 0.8370 0.8274 0.9515 0.9707 0.9766 0.9029 0.8669 0.8894 0.4343 0.9424 0.9365 0.9088 0.9696 0.9284 0.9261 0.9447 0.8500 0.9173 0.7839 0.6448 0.9314 0.8696 0.3327 0.9055 0.8990 0.8885 0.4950 0.9173 0.8702 0.7804 0.7133 0.9225 0.9006 0.9192 0.8769 0.7780 0.7429 0.7195 0.9625 0.0000 0.0000 0.0000 0.0000 0.0000 0.0000 
0.6669 0.7562 0.8750 0.8534 0.7936 0.7714 0.8091 0.9265 0.9672 0.9719 0.9000 0.8744 0.8120 0.3000 0.9205 0.8917 0.8699 0.9696 0.9148 0.8978 0.9447 0.6473 0.7913 0.5006 0.4094 0.9050 0.8661 0.3692 0.9110 0.9115 0.6933 0.2872 0.8827 0.6887 0.5147 0.4059 0.9000 0.7169 0.7865 0.7192 0.5090 0.4688 0.3872 0.9356 0.8317 0.0000 0.0000 0.0000 0.0000 0.0000 
0.6238 0.7125 0.8838 0.8023 0.7915 0.8141 0.8238 0.9353 0.9647 0.9719 0.9038 0.8662 0.8822 0.5500 0.9492 0.9406 0.9081 0.9732 0.9352 0.9304 0.9523 0.8505 0.9308 0.7988 0.6958 0.9277 0.8679 0.4673 0.9165 0.8990 0.8913 0.6978 0.9221 0.9042 0.7924 0.7628 0.9150 0.8838 0.9269 0.8904 0.7990 0.8125 0.7256 0.9558 0.7856 0.9228 0.0000 0.0000 0.0000 0.0000 
0.6069 0.6938 0.8812 0.8170 0.7947 0.8130 0.8293 0.9412 0.9595 0.9750 0.9029 0.8712 0.8875 0.5483 0.9500 0.9417 0.9088 0.9696 0.9375 0.9391 0.9561 0.8663 0.9394 0.8262 0.7156 0.9327 0.8750 0.4462 0.9122 0.8990 0.8962 0.7044 0.9231 0.9155 0.8212 0.7819 0.9212 0.8950 0.9327 0.8962 0.8150 0.8321 0.7640 0.9529 0.7750 0.9239 0.9383 0.0000 0.0000 0.0000 
0.5531 0.6431 0.8525 0.7557 0.7463 0.8005 0.8195 0.9456 0.9638 0.9547 0.8788 0.8275 0.8779 0.6035 0.9288 0.9365 0.8963 0.9500 0.9068 0.8967 0.9182 0.8864 0.9500 0.8875 0.8115 0.9309 0.8536 0.3067 0.8591 0.8538 0.9115 0.8061 0.8971 0.9262 0.8685 0.8590 0.9088 0.9231 0.9442 0.9010 0.8580 0.9089 0.8537 0.9433 0.6990 0.9043 0.9058 0.9067 0.0000 0.0000 
0.5688 0.6619 0.8650 0.7807 0.7660 0.8167 0.8268 0.9471 0.9664 0.9672 0.8923 0.8369 0.8913 0.5988 0.9364 0.9438 0.9051 0.9482 0.9102 0.8978 0.9280 0.8832 0.9500 0.8792 0.7948 0.9345 0.8696 0.2856 0.8774 0.8625 0.9125 0.7872 0.9058 0.9304 0.8712 0.8484 0.9112 0.9231 0.9481 0.9067 0.8600 0.9027 0.8482 0.9481 0.7221 0.9109 0.9142 0.9056 0.9117 0.0000 
0.6100 0.7088 0.8812 0.8193 0.8000 0.8255 0.8366 0.9529 0.9724 0.9781 0.9077 0.8756 0.9005 0.5116 0.9439 0.9500 0.9125 0.9643 0.9261 0.9250 0.9485 0.8647 0.9452 0.8345 0.7250 0.9291 0.8732 0.3115 0.8963 0.8798 0.8990 0.6711 0.9183 0.9113 0.8359 0.7941 0.9200 0.9138 0.9404 0.9038 0.8300 0.8438 0.7866 0.9538 0.7500 0.9130 0.9192 0.8650 0.8906 0.8962 
