0.8319 0.0000 0.0000 0.0000 0.0000 0.0000 0.0000 0.0000 0.0000 0.0000 0.0000 0.0000 0.0000 0.0000 0.0000 0.0000 0.0000 0.0000 0.0000 0.0000 0.0000 0.0000 0.0000 0.0000 0.0000 0.0000 0.0000 0.0000 0.0000 0.0000 0.0000 0.0000 0.0000 0.0000 0.0000 0.0000 0.0000 0.0000 0.0000 0.0000 0.0000 0.0000 0.0000 0.0000 0.0000 0.0000 0.0000 0.0000 0.0000 0.0000 
0.8294 0.8756 0.0000 0.0000 0.0000 0.0000 0.0000 0.0000 0.0000 0.0000 0.0000 0.0000 0.0000 0.0000 0.0000 0.0000 0.0000 0.0000 0.0000 0.0000 0.0000 0.0000 0.0000 0.0000 0.0000 0.0000 0.0000 0.0000 0.0000 0.0000 0.0000 0.0000 0.0000 0.0000 0.0000 0.0000 0.0000 0.0000 0.0000 0.0000 0.0000 0.0000 0.0000 0.0000 0.0000 0.0000 0.0000 0.0000 0.0000 0.0000 
0.8188 0.8706 0.9538 0.0000 0.0000 0.0000 0.0000 0.0000 0.0000 0.0000 0.0000 0.0000 0.0000 0.0000 0.0000 0.0000 0.0000 0.0000 0.0000 0.0000 0.0000 0.0000 0.0000 0.0000 0.0000 0.0000 0.0000 0.0000 0.0000 0.0000 0.0000 0.0000 0.0000 0.0000 0.0000 0.0000 0.0000 0.0000 0.0000 0.0000 0.0000 0.0000 0.0000 0.0000 0.0000 0.0000 0.0000 0.0000 0.0000 0.0000 
0.8194 0.8725 0.9512 0.9148 0.0000 0.0000 0.0000 0.0000 0.0000 0.0000 0.0000 0.0000 0.0000 0.0000 0.0000 0.0000 0.0000 0.0000 0.0000 0.0000 0.0000 0.0000 0.0000 0.0000 0.0000 0.0000 0.0000 0.0000 0.0000 0.0000 0.0000 0.0000 0.0000 0.0000 0.0000 0.0000 0.0000 0.0000 0.0000 0.0000 0.0000 0.0000 0.0000 0.0000 0.0000 0.0000 0.0000 0.0000 0.0000 0.0000 
0.8188 0.8688 0.9475 0.9045 0.8612 0.0000 0.0000 0.0000 0.0000 0.0000 0.0000 0.0000 0.0000 0.0000 0.0000 0.0000 0.0000 0.0000 0.0000 0.0000 0.0000 0.0000 0.0000 0.0000 0.0000 0.0000 0.0000 0.0000 0.0000 0.0000 0.0000 0.0000 0.0000 0.0000 0.0000 0.0000 0.0000 0.0000 0.0000 0.0000 0.0000 0.0000 0.0000 0.0000 0.0000 0.0000 0.0000 0.0000 0.0000 0.0000 
0.8000 0.8488 0.9450 0.8864 0.8441 0.8651 0.0000 0.0000 0.0000 0.0000 0.0000 0.0000 0.0000 0.0000 0.0000 0.0000 0.0000 0.0000 0.0000 0.0000 0.0000 0.0000 0.0000 0.0000 0.0000 0.0000 0.0000 0.0000 0.0000 0.0000 0.0000 0.0000 0.0000 0.0000 0.0000 0.0000 0.0000 0.0000 0.0000 0.0000 0.0000 0.0000 0.0000 0.0000 0.0000 0.0000 0.0000 0.0000 0.0000 0.0000 
0.7944 0.8462 0.9438 0.8886 0.8500 0.8615 0.8482 0.0000 0.0000 0.0000 0.0000 0.0000 0.0000 0.0000 0.0000 0.0000 0.0000 0.0000 0.0000 0.0000 0.0000 0.0000 0.0000 0.0000 0.0000 0.0000 0.0000 0.0000 0.0000 0.0000 0.0000 0.0000 0.0000 0.0000 0.0000 0.0000 0.0000 0.0000 0.0000 0.0000 0.0000 0.0000 0.0000 0.0000 0.0000 0.0000 0.0000 0.0000 0.0000 0.0000 
0.7837 0.8506 0.9438 0.8852 0.8489 0.8661 0.8506 0.9676 0.0000 0.0000 0.0000 0.0000 0.0000 0.0000 0.0000 0.0000 0.0000 0.0000 0.0000 0.0000 0.0000 0.0000 0.0000 0.0000 0.0000 0.0000 0.0000 0.0000 0.0000 0.0000 0.0000 0.0000 0.0000 0.0000 0.0000 0.0000 0.0000 0.0000 0.0000 0.0000 0.0000 0.0000 0.0000 0.0000 0.0000 0.0000 0.0000 0.0000 0.0000 0.0000 
0.7831 0.8512 0.9450 0.8875 0.8505 0.8630 0.8524 0.9662 0.9802 0.0000 0.0000 0.0000 0.0000 0.0000 0.0000 0.0000 0.0000 0.0000 0.0000 0.0000 0.0000 0.0000 0.0000 0.0000 0.0000 0.0000 0.0000 0.0000 0.0000 0.0000 0.0000 0.0000 0.0000 0.0000 0.0000 0.0000 0.0000 0.0000 0.0000 0.0000 0.0000 0.0000 0.0000 0.0000 0.0000 0.0000 0.0000 0.0000 0.0000 0.0000 
0.7900 0.8562 0.9525 0.8966 0.8532 0.8510 0.8445 0.9706 0.9793 0.9812 0.0000 0.0000 0.0000 0.0000 0.0000 0.0000 0.0000 0.0000 0.0000 0.0000 0.0000 0.0000 0.0000 0.0000 0.0000 0.0000 0.0000 0.0000 0.0000 0.0000 0.0000 0.0000 0.0000 0.0000 0.0000 0.0000 0.0000 0.0000 0.0000 0.0000 0.0000 0.0000 0.0000 0.0000 0.0000 0.0000 0.0000 0.0000 0.0000 0.0000 
0.8069 0.8581 0.9488 0.9045 0.8548 0.8411 0.8439 0.9618 0.9767 0.9812 0.9279 0.0000 0.0000 0.0000 0.0000 0.0000 0.0000 0.0000 0.0000 0.0000 0.0000 0.0000 0.0000 0.0000 0.0000 0.0000 0.0000 0.0000 0.0000 0.0000 0.0000 0.0000 0.0000 0.0000 0.0000 0.0000 0.0000 0.0000 0.0000 0.0000 0.0000 0.0000 0.0000 0.0000 0.0000 0.0000 0.0000 0.0000 0.0000 0.0000 
0.8094 0.8694 0.9475 0.9091 0.8596 0.8271 0.8378 0.9588 0.9776 0.9797 0.9279 0.9175 0.0000 0.0000 0.0000 0.0000 0.0000 0.0000 0.0000 0.0000 0.0000 0.0000 0.0000 0.0000 0.0000 0.0000 0.0000 0.0000 0.0000 0.0000 0.0000 0.0000 0.0000 0.0000 0.0000 0.0000 0.0000 0.0000 0.0000 0.0000 0.0000 0.0000 0.0000 0.0000 0.0000 0.0000 0.0000 0.0000 0.0000 0.0000 
0.7887 0.8381 0.9438 0.8773 0.8388 0.8495 0.8439 0.9618 0.9776 0.9797 0.9135 0.9056 0.9264 0.0000 0.0000 0.0000 0.0000 0.0000 0.0000 0.0000 0.0000 0.0000 0.0000 0.0000 0.0000 0.0000 0.0000 0.0000 0.0000 0.0000 0.0000 0.0000 0.0000 0.0000 0.0000 0.0000 0.0000 0.0000 0.0000 0.0000 0.0000 0.0000 0.0000 0.0000 0.0000 0.0000 0.0000 0.0000 0.0000 0.0000 
0.6212 0.6494 0.8512 0.7784 0.6590 0.6432 0.6939 0.9176 0.9147 0.8766 0.8010 0.8000 0.7423 0.8506 0.0000 0.0000 0.0000 0.0000 0.0000 0.0000 0.0000 0.0000 0.0000 0.0000 0.0000 0.0000 0.0000 0.0000 0.0000 0.0000 0.0000 0.0000 0.0000 0.0000 0.0000 0.0000 0.0000 0.0000 0.0000 0.0000 0.0000 0.0000 0.0000 0.0000 0.0000 0.0000 0.0000 0.0000 0.0000 0.0000 
0.7331 0.8038 0.9300 0.8591 0.8138 0.8333 0.8305 0.9662 0.9724 0.9719 0.9106 0.8844 0.9077 0.6215 0.9477 0.0000 0.0000 0.0000 0.0000 0.0000 0.0000 0.0000 0.0000 0.0000 0.0000 0.0000 0.0000 0.0000 0.0000 0.0000 0.0000 0.0000 0.0000 0.0000 0.0000 0.0000 0.0000 0.0000 0.0000 0.0000 0.0000 0.0000 0.0000 0.0000 0.0000 0.0000 0.0000 0.0000 0.0000 0.0000 
0.7281 0.8075 0.9412 0.8670 0.8197 0.8411 0.8360 0.9647 0.9741 0.9719 0.9115 0.8894 0.9144 0.5762 0.9485 0.9469 0.0000 0.0000 0.0000 0.0000 0.0000 0.0000 0.0000 0.0000 0.0000 0.0000 0.0000 0.0000 0.0000 0.0000 0.0000 0.0000 0.0000 0.0000 0.0000 0.0000 0.0000 0.0000 0.0000 0.0000 0.0000 0.0000 0.0000 0.0000 0.0000 0.0000 0.0000 0.0000 0.0000 0.0000 
0.7450 0.8169 0.9388 0.8591 0.8165 0.8495 0.8421 0.9632 0.9767 0.9734 0.9192 0.8919 0.9144 0.5587 0.9455 0.9406 0.9176 0.0000 0.0000 0.0000 0.0000 0.0000 0.0000 0.0000 0.0000 0.0000 0.0000 0.0000 0.0000 0.0000 0.0000 0.0000 0.0000 0.0000 0.0000 0.0000 0.0000 0.0000 0.0000 0.0000 0.0000 0.0000 0.0000 0.0000 0.0000 0.0000 0.0000 0.0000 0.0000 0.0000 
0.7612 0.8344 0.9425 0.8886 0.8452 0.8536 0.8463 0.9662 0.9759 0.9781 0.9269 0.9062 0.9087 0.4541 0.9386 0.9354 0.9029 0.9643 0.0000 0.0000 0.0000 0.0000 0.0000 0.0000 0.0000 0.0000 0.0000 0.0000 0.0000 0.0000 0.0000 0.0000 0.0000 0.0000 0.0000 0.0000 0.0000 0.0000 0.0000 0.0000 0.0000 0.0000 0.0000 0.0000 0.0000 0.0000 0.0000 0.0000 0.0000 0.0000 
0.7575 0.8262 0.9475 0.8852 0.8404 0.8505 0.8421 0.9647 0.9759 0.9766 0.9231 0.8988 0.9096 0.4971 0.9409 0.9427 0.9088 0.9625 0.9341 0.0000 0.0000 0.0000 0.0000 0.0000 0.0000 0.0000 0.0000 0.0000 0.0000 0.0000 0.0000 0.0000 0.0000 0.0000 0.0000 0.0000 0.0000 0.0000 0.0000 0.0000 0.0000 0.0000 0.0000 0.0000 0.0000 0.0000 0.0000 0.0000 0.0000 0.0000 
0.7544 0.8200 0.9425 0.8750 0.8330 0.8401 0.8390 0.9618 0.9733 0.9734 0.9202 0.8950 0.9101 0.5390 0.9462 0.9417 0.9037 0.9571 0.9295 0.9120 0.0000 0.0000 0.0000 0.0000 0.0000 0.0000 0.0000 0.0000 0.0000 0.0000 0.0000 0.0000 0.0000 0.0000 0.0000 0.0000 0.0000 0.0000 0.0000 0.0000 0.0000 0.0000 0.0000 0.0000 0.0000 0.0000 0.0000 0.0000 0.0000 0.0000 
0.7656 0.8344 0.9500 0.8864 0.8447 0.8500 0.8402 0.9603 0.9759 0.9797 0.9240 0.9050 0.9082 0.4733 0.9409 0.9375 0.9051 0.9625 0.9295 0.9109 0.9591 0.0000 0.0000 0.0000 0.0000 0.0000 0.0000 0.0000 0.0000 0.0000 0.0000 0.0000 0.0000 0.0000 0.0000 0.0000 0.0000 0.0000 0.0000 0.0000 0.0000 0.0000 0.0000 0.0000 0.0000 0.0000 0.0000 0.0000 0.0000 0.0000 
0.7531 0.8025 0.9388 0.8625 0.8106 0.8339 0.8323 0.9632 0.9707 0.9719 0.9038 0.8825 0.9034 0.6262 0.9492 0.9365 0.9125 0.9536 0.9307 0.9033 0.9462 0.8571 0.0000 0.0000 0.0000 0.0000 0.0000 0.0000 0.0000 0.0000 0.0000 0.0000 0.0000 0.0000 0.0000 0.0000 0.0000 0.0000 0.0000 0.0000 0.0000 0.0000 0.0000 0.0000 0.0000 0.0000 0.0000 0.0000 0.0000 0.0000 
0.7312 0.7862 0.9300 0.8511 0.7931 0.8208 0.8232 0.9559 0.9664 0.9656 0.8904 0.8738 0.8962 0.6680 0.9485 0.9281 0.9103 0.9411 0.9227 0.8924 0.9455 0.8478 0.9317 0.0000 0.0000 0.0000 0.0000 0.0000 0.0000 0.0000 0.0000 0.0000 0.0000 0.0000 0.0000 0.0000 0.0000 0.0000 0.0000 0.0000 0.0000 0.0000 0.0000 0.0000 0.0000 0.0000 0.0000 0.0000 0.0000 0.0000 
0.7306 0.7744 0.9225 0.8284 0.7750 0.8161 0.8189 0.9544 0.9638 0.9578 0.8808 0.8619 0.8865 0.6988 0.9439 0.9229 0.9037 0.9429 0.9193 0.8717 0.9341 0.8413 0.9260 0.8756 0.0000 0.0000 0.0000 0.0000 0.0000 0.0000 0.0000 0.0000 0.0000 0.0000 0.0000 0.0000 0.0000 0.0000 0.0000 0.0000 0.0000 0.0000 0.0000 0.0000 0.0000 0.0000 0.0000 0.0000 0.0000 0.0000 
0.6950 0.7269 0.9000 0.8000 0.7383 0.7719 0.7970 0.9471 0.9595 0.9453 0.8644 0.8350 0.8524 0.7529 0.9364 0.9156 0.8824 0.9375 0.9034 0.8489 0.9197 0.8201 0.9221 0.8512 0.8208 0.0000 0.0000 0.0000 0.0000 0.0000 0.0000 0.0000 0.0000 0.0000 0.0000 0.0000 0.0000 0.0000 0.0000 0.0000 0.0000 0.0000 0.0000 0.0000 0.0000 0.0000 0.0000 0.0000 0.0000 0.0000 
0.7581 0.8112 0.9338 0.8636 0.8181 0.8297 0.8421 0.9618 0.9733 0.9734 0.9058 0.8894 0.9077 0.5837 0.9515 0.9396 0.9132 0.9536 0.9307 0.9033 0.9515 0.8451 0.9346 0.8601 0.7417 0.9318 0.0000 0.0000 0.0000 0.0000 0.0000 0.0000 0.0000 0.0000 0.0000 0.0000 0.0000 0.0000 0.0000 0.0000 0.0000 0.0000 0.0000 0.0000 0.0000 0.0000 0.0000 0.0000 0.0000 0.0000 
0.7688 0.8250 0.9338 0.8716 0.8388 0.8448 0.8457 0.9603 0.9767 0.9797 0.9192 0.9025 0.9144 0.4808 0.9439 0.9385 0.9007 0.9571 0.9330 0.8946 0.9538 0.8174 0.9250 0.7833 0.6500 0.9327 0.8929 0.0000 0.0000 0.0000 0.0000 0.0000 0.0000 0.0000 0.0000 0.0000 0.0000 0.0000 0.0000 0.0000 0.0000 0.0000 0.0000 0.0000 0.0000 0.0000 0.0000 0.0000 0.0000 0.0000 
0.7781 0.8256 0.9275 0.8705 0.8170 0.7844 0.7774 0.9309 0.9586 0.9797 0.9019 0.9000 0.8212 0.3395 0.8621 0.8708 0.8066 0.9554 0.9148 0.8522 0.9477 0.6891 0.8365 0.4982 0.3896 0.8900 0.8714 0.7067 0.0000 0.0000 0.0000 0.0000 0.0000 0.0000 0.0000 0.0000 0.0000 0.0000 0.0000 0.0000 0.0000 0.0000 0.0000 0.0000 0.0000 0.0000 0.0000 0.0000 0.0000 0.0000 
0.7812 0.8306 0.9438 0.8875 0.8319 0.8432 0.8360 0.9603 0.9724 0.9828 0.9173 0.9031 0.9106 0.4610 0.9371 0.9333 0.8985 0.9625 0.9341 0.9065 0.9583 0.8147 0.9231 0.7482 0.6135 0.9259 0.8857 0.6250 0.9000 0.0000 0.0000 0.0000 0.0000 0.0000 0.0000 0.0000 0.0000 0.0000 0.0000 0.0000 0.0000 0.0000 0.0000 0.0000 0.0000 0.0000 0.0000 0.0000 0.0000 0.0000 
0.7919 0.8375 0.9438 0.8852 0.8351 0.8448 0.8445 0.9632 0.9759 0.9812 0.9183 0.9050 0.9048 0.4070 0.9348 0.9302 0.8897 0.9643 0.9341 0.8946 0.9591 0.7870 0.9115 0.6911 0.5458 0.9214 0.8839 0.6087 0.9024 0.9135 0.0000 0.0000 0.0000 0.0000 0.0000 0.0000 0.0000 0.0000 0.0000 0.0000 0.0000 0.0000 0.0000 0.0000 0.0000 0.0000 0.0000 0.0000 0.0000 0.0000 
0.7619 0.8081 0.9350 0.8466 0.8016 0.8365 0.8360 0.9618 0.9741 0.9719 0.9058 0.8831 0.9029 0.5826 0.9477 0.9375 0.9125 0.9571 0.9341 0.9065 0.9462 0.8500 0.9337 0.8708 0.7469 0.9264 0.8821 0.5337 0.8835 0.8894 0.9010 0.0000 0.0000 0.0000 0.0000 0.0000 0.0000 0.0000 0.0000 0.0000 0.0000 0.0000 0.0000 0.0000 0.0000 0.0000 0.0000 0.0000 0.0000 0.0000 
0.6781 0.7031 0.8775 0.8057 0.7207 0.7318 0.7622 0.9456 0.9466 0.9359 0.8490 0.8306 0.8312 0.7901 0.9326 0.9083 0.8647 0.9339 0.8966 0.8565 0.9144 0.8011 0.9221 0.8292 0.8240 0.9155 0.8429 0.5212 0.7793 0.8346 0.8548 0.8500 0.0000 0.0000 0.0000 0.0000 0.0000 0.0000 0.0000 0.0000 0.0000 0.0000 0.0000 0.0000 0.0000 0.0000 0.0000 0.0000 0.0000 0.0000 
0.7412 0.7944 0.9275 0.8386 0.7915 0.8188 0.8299 0.9632 0.9690 0.9734 0.8962 0.8750 0.8962 0.6314 0.9477 0.9333 0.9103 0.9571 0.9318 0.9054 0.9462 0.8554 0.9337 0.8714 0.7677 0.9295 0.8804 0.5750 0.8756 0.8904 0.8981 0.7956 0.8962 0.0000 0.0000 0.0000 0.0000 0.0000 0.0000 0.0000 0.0000 0.0000 0.0000 0.0000 0.0000 0.0000 0.0000 0.0000 0.0000 0.0000 
0.7319 0.7831 0.9162 0.8239 0.7745 0.8125 0.8140 0.9574 0.9655 0.9688 0.8894 0.8600 0.8817 0.6948 0.9455 0.9312 0.9059 0.9482 0.9261 0.8902 0.9417 0.8500 0.9260 0.8685 0.8031 0.9282 0.8679 0.5337 0.8537 0.8788 0.8923 0.8239 0.8981 0.9048 0.0000 0.0000 0.0000 0.0000 0.0000 0.0000 0.0000 0.0000 0.0000 0.0000 0.0000 0.0000 0.0000 0.0000 0.0000 0.0000 
0.7300 0.7769 0.9125 0.8239 0.7681 0.8109 0.8128 0.9559 0.9629 0.9625 0.8827 0.8581 0.8798 0.7116 0.9409 0.9240 0.9044 0.9375 0.9239 0.8707 0.9258 0.8489 0.9240 0.8685 0.8073 0.9268 0.8607 0.4452 0.8317 0.8558 0.8846 0.8222 0.8865 0.9077 0.8489 0.0000 0.0000 0.0000 0.0000 0.0000 0.0000 0.0000 0.0000 0.0000 0.0000 0.0000 0.0000 0.0000 0.0000 0.0000 
0.7150 0.7494 0.8950 0.8045 0.7404 0.7844 0.7933 0.9574 0.9543 0.9469 0.8702 0.8431 0.8543 0.7349 0.9348 0.9188 0.8882 0.9357 0.9125 0.8533 0.9235 0.8293 0.9163 0.8565 0.8250 0.9205 0.8482 0.4529 0.7963 0.8288 0.8760 0.8361 0.8865 0.9065 0.8418 0.8691 0.0000 0.0000 0.0000 0.0000 0.0000 0.0000 0.0000 0.0000 0.0000 0.0000 0.0000 0.0000 0.0000 0.0000 
0.7250 0.7837 0.9162 0.8318 0.7809 0.8250 0.8232 0.9618 0.9733 0.9734 0.8942 0.8681 0.8928 0.6221 0.9485 0.9333 0.9140 0.9554 0.9284 0.8826 0.9439 0.8543 0.9269 0.8720 0.7760 0.9273 0.8732 0.4769 0.8634 0.8702 0.8942 0.7800 0.8913 0.9054 0.8397 0.8223 0.9150 0.0000 0.0000 0.0000 0.0000 0.0000 0.0000 0.0000 0.0000 0.0000 0.0000 0.0000 0.0000 0.0000 
0.7375 0.7912 0.9175 0.8375 0.7867 0.8219 0.8256 0.9603 0.9707 0.9688 0.8962 0.8694 0.8889 0.6326 0.9455 0.9344 0.9125 0.9464 0.9284 0.8924 0.9424 0.8538 0.9250 0.8732 0.7823 0.9327 0.8768 0.5019 0.8634 0.8702 0.8942 0.7844 0.8923 0.9077 0.8397 0.8330 0.9100 0.9088 0.0000 0.0000 0.0000 0.0000 0.0000 0.0000 0.0000 0.0000 0.0000 0.0000 0.0000 0.0000 
0.7138 0.7669 0.9088 0.8239 0.7654 0.8141 0.8177 0.9588 0.9595 0.9641 0.8875 0.8600 0.8793 0.6959 0.9439 0.9323 0.9007 0.9375 0.9273 0.8804 0.9348 0.8538 0.9260 0.8667 0.8083 0.9241 0.8571 0.4692 0.8287 0.8500 0.8846 0.8100 0.8894 0.9101 0.8500 0.8527 0.9038 0.9062 0.9471 0.0000 0.0000 0.0000 0.0000 0.0000 0.0000 0.0000 0.0000 0.0000 0.0000 0.0000 
0.7181 0.7756 0.9138 0.8239 0.7665 0.8156 0.8220 0.9618 0.9655 0.9641 0.8923 0.8606 0.8832 0.6773 0.9417 0.9281 0.9081 0.9446 0.9239 0.8761 0.9379 0.8549 0.9260 0.8726 0.7885 0.9259 0.8679 0.4558 0.8439 0.8596 0.8933 0.8028 0.8904 0.9065 0.8467 0.8441 0.9100 0.9050 0.9481 0.9067 0.0000 0.0000 0.0000 0.0000 0.0000 0.0000 0.0000 0.0000 0.0000 0.0000 
0.7225 0.7819 0.9175 0.8295 0.7840 0.8219 0.8232 0.9603 0.9681 0.9719 0.8952 0.8662 0.8880 0.6547 0.9470 0.9354 0.9096 0.9482 0.9295 0.8891 0.9417 0.8543 0.9250 0.8661 0.7875 0.9245 0.8750 0.4808 0.8573 0.8644 0.8962 0.7856 0.8923 0.9036 0.8435 0.8362 0.9075 0.9038 0.9423 0.9067 0.8470 0.0000 0.0000 0.0000 0.0000 0.0000 0.0000 0.0000 0.0000 0.0000 
0.6956 0.7325 0.8925 0.7977 0.7362 0.7729 0.7988 0.9485 0.9543 0.9469 0.8702 0.8400 0.8529 0.7366 0.9371 0.9208 0.8860 0.9375 0.9091 0.8554 0.9197 0.8337 0.9250 0.8560 0.8250 0.9191 0.8482 0.4692 0.7957 0.8327 0.8808 0.8300 0.8865 0.9071 0.8473 0.8691 0.9000 0.8962 0.9452 0.8981 0.8410 0.8902 0.0000 0.0000 0.0000 0.0000 0.0000 0.0000 0.0000 0.0000 
0.6969 0.7244 0.8888 0.7943 0.7229 0.7583 0.7866 0.9515 0.9509 0.9344 0.8529 0.8288 0.8361 0.7576 0.9326 0.9135 0.8721 0.9304 0.9045 0.8543 0.9091 0.8196 0.9183 0.8583 0.8271 0.9205 0.8500 0.5077 0.7829 0.8154 0.8721 0.8350 0.8827 0.9054 0.8429 0.8707 0.8988 0.8931 0.9433 0.8942 0.8410 0.8911 0.8543 0.0000 0.0000 0.0000 0.0000 0.0000 0.0000 0.0000 
0.7381 0.7894 0.9138 0.8330 0.7872 0.8250 0.8262 0.9618 0.9698 0.9719 0.8962 0.8669 0.8904 0.5628 0.9500 0.9385 0.9088 0.9571 0.9227 0.8935 0.9424 0.8527 0.9221 0.8637 0.7406 0.9277 0.8804 0.5288 0.8732 0.8788 0.8971 0.7128 0.8894 0.8905 0.8212 0.7856 0.9075 0.9075 0.9365 0.9058 0.8360 0.8214 0.7628 0.9327 0.0000 0.0000 0.0000 0.0000 0.0000 0.0000 
0.7775 0.8275 0.9250 0.8739 0.8191 0.8365 0.8409 0.9588 0.9750 0.9828 0.9058 0.8962 0.8904 0.4151 0.9333 0.9250 0.8904 0.9589 0.9205 0.8870 0.9530 0.7755 0.9067 0.7006 0.5375 0.9218 0.8875 0.5654 0.8854 0.9077 0.8673 0.4883 0.8577 0.7863 0.5995 0.5207 0.9038 0.8312 0.8577 0.8327 0.7160 0.5955 0.5409 0.9087 0.8375 0.0000 0.0000 0.0000 0.0000 0.0000 
0.7412 0.7994 0.9300 0.8466 0.8064 0.8312 0.8384 0.9618 0.9698 0.9750 0.9067 0.8875 0.8966 0.5401 0.9485 0.9385 0.9059 0.9589 0.9330 0.9033 0.9515 0.8522 0.9337 0.8339 0.6927 0.9291 0.8821 0.5933 0.8902 0.9010 0.8962 0.6839 0.8952 0.8768 0.7761 0.7553 0.9162 0.8888 0.9231 0.8923 0.8130 0.7804 0.7268 0.9231 0.7942 0.9141 0.0000 0.0000 0.0000 0.0000 
0.7325 0.7950 0.9275 0.8409 0.8005 0.8250 0.8348 0.9618 0.9698 0.9734 0.9038 0.8844 0.8942 0.5756 0.9485 0.9406 0.9074 0.9554 0.9386 0.9087 0.9477 0.8565 0.9337 0.8470 0.7156 0.9295 0.8857 0.5894 0.8854 0.8990 0.8990 0.7083 0.8981 0.8845 0.7973 0.7809 0.9212 0.8900 0.9288 0.9019 0.8240 0.8080 0.7622 0.9231 0.7865 0.9109 0.9083 0.0000 0.0000 0.0000 
0.7219 0.7656 0.9162 0.8227 0.7707 0.8104 0.8220 0.9618 0.9603 0.9641 0.8856 0.8612 0.8769 0.6744 0.9485 0.9354 0.9044 0.9464 0.9261 0.8924 0.9356 0.8571 0.9279 0.8702 0.8021 0.9282 0.8643 0.5442 0.8537 0.8721 0.8981 0.8056 0.9000 0.9089 0.8440 0.8548 0.9125 0.9062 0.9433 0.9115 0.8540 0.8768 0.8341 0.9365 0.7615 0.8989 0.8942 0.8750 0.0000 0.0000 
0.7188 0.7662 0.9162 0.8273 0.7745 0.8167 0.8244 0.9618 0.9621 0.9672 0.8865 0.8631 0.8760 0.6733 0.9492 0.9365 0.9059 0.9464 0.9273 0.8946 0.9379 0.8598 0.9317 0.8690 0.8000 0.9309 0.8696 0.5404 0.8604 0.8750 0.8990 0.8056 0.8981 0.9095 0.8435 0.8559 0.9150 0.9025 0.9375 0.9106 0.8530 0.8705 0.8348 0.9346 0.7644 0.9043 0.8983 0.8783 0.9000 0.0000 
0.7338 0.7906 0.9250 0.8455 0.8016 0.8354 0.8390 0.9662 0.9716 0.9734 0.9010 0.8844 0.9000 0.5709 0.9515 0.9406 0.9118 0.9536 0.9330 0.9033 0.9447 0.8587 0.9365 0.8571 0.7406 0.9318 0.8821 0.5308 0.8823 0.8837 0.8990 0.7311 0.8923 0.8952 0.8217 0.7957 0.9175 0.9012 0.9346 0.9087 0.8390 0.8268 0.7823 0.9327 0.7827 0.9087 0.9033 0.8578 0.8861 0.8683 
