0.7837 0.0000 0.0000 0.0000 0.0000 0.0000 0.0000 0.0000 0.0000 0.0000 0.0000 0.0000 0.0000 0.0000 0.0000 0.0000 0.0000 0.0000 0.0000 0.0000 0.0000 0.0000 0.0000 0.0000 0.0000 0.0000 0.0000 0.0000 0.0000 0.0000 0.0000 0.0000 0.0000 0.0000 0.0000 0.0000 0.0000 0.0000 0.0000 0.0000 0.0000 0.0000 0.0000 0.0000 0.0000 0.0000 0.0000 0.0000 0.0000 0.0000
0.7425 0.8350 0.0000 0.0000 0.0000 0.0000 0.0000 0.0000 0.0000 0.0000 0.0000 0.0000 0.0000 0.0000 0.0000 0.0000 0.0000 0.0000 0.0000 0.0000 0.0000 0.0000 0.0000 0.0000 0.0000 0.0000 0.0000 0.0000 0.0000 0.0000 0.0000 0.0000 0.0000 0.0000 0.0000 0.0000 0.0000 0.0000 0.0000 0.0000 0.0000 0.0000 0.0000 0.0000 0.0000 0.0000 0.0000 0.0000 0.0000 0.0000
0.7325 0.8319 0.8963 0.0000 0.0000 0.0000 0.0000 0.0000 0.0000 0.0000 0.0000 0.0000 0.0000 0.0000 0.0000 0.0000 0.0000 0.0000 0.0000 0.0000 0.0000 0.0000 0.0000 0.0000 0.0000 0.0000 0.0000 0.0000 0.0000 0.0000 0.0000 0.0000 0.0000 0.0000 0.0000 0.0000 0.0000 0.0000 0.0000 0.0000 0.0000 0.0000 0.0000 0.0000 0.0000 0.0000 0.0000 0.0000 0.0000 0.0000
0.7381 0.8319 0.8975 0.9023 0.0000 0.0000 0.0000 0.0000 0.0000 0.0000 0.0000 0.0000 0.0000 0.0000 0.0000 0.0000 0.0000 0.0000 0.0000 0.0000 0.0000 0.0000 0.0000 0.0000 0.0000 0.0000 0.0000 0.0000 0.0000 0.0000 0.0000 0.0000 0.0000 0.0000 0.0000 0.0000 0.0000 0.0000 0.0000 0.0000 0.0000 0.0000 0.0000 0.0000 0.0000 0.0000 0.0000 0.0000 0.0000 0.0000
0.7144 0.8263 0.8925 0.8989 0.7612 0.0000 0.0000 0.0000 0.0000 0.0000 0.0000 0.0000 0.0000 0.0000 0.0000 0.0000 0.0000 0.0000 0.0000 0.0000 0.0000 0.0000 0.0000 0.0000 0.0000 0.0000 0.0000 0.0000 0.0000 0.0000 0.0000 0.0000 0.0000 0.0000 0.0000 0.0000 0.0000 0.0000 0.0000 0.0000 0.0000 0.0000 0.0000 0.0000 0.0000 0.0000 0.0000 0.0000 0.0000 0.0000
0.6438 0.7987 0.8850 0.8716 0.7495 0.7984 0.0000 0.0000 0.0000 0.0000 0.0000 0.0000 0.0000 0.0000 0.0000 0.0000 0.0000 0.0000 0.0000 0.0000 0.0000 0.0000 0.0000 0.0000 0.0000 0.0000 0.0000 0.0000 0.0000 0.0000 0.0000 0.0000 0.0000 0.0000 0.0000 0.0000 0.0000 0.0000 0.0000 0.0000 0.0000 0.0000 0.0000 0.0000 0.0000 0.0000 0.0000 0.0000 0.0000 0.0000
0.6200 0.7869 0.8813 0.8636 0.7463 0.7995 0.7963 0.0000 0.0000 0.0000 0.0000 0.0000 0.0000 0.0000 0.0000 0.0000 0.0000 0.0000 0.0000 0.0000 0.0000 0.0000 0.0000 0.0000 0.0000 0.0000 0.0000 0.0000 0.0000 0.0000 0.0000 0.0000 0.0000 0.0000 0.0000 0.0000 0.0000 0.0000 0.0000 0.0000 0.0000 0.0000 0.0000 0.0000 0.0000 0.0000 0.0000 0.0000 0.0000 0.0000
0.6200 0.7869 0.8813 0.8636 0.7463 0.7995 0.7957 0.9162 0.0000 0.0000 0.0000 0.0000 0.0000 0.0000 0.0000 0.0000 0.0000 0.0000 0.0000 0.0000 0.0000 0.0000 0.0000 0.0000 0.0000 0.0000 0.0000 0.0000 0.0000 0.0000 0.0000 0.0000 0.0000 0.0000 0.0000 0.0000 0.0000 0.0000 0.0000 0.0000 0.0000 0.0000 0.0000 0.0000 0.0000 0.0000 0.0000 0.0000 0.0000 0.0000
0.6263 0.7900 0.8813 0.8659 0.7463 0.7979 0.7963 0.9147 0.9431 0.0000 0.0000 0.0000 0.0000 0.0000 0.0000 0.0000 0.0000 0.0000 0.0000 0.0000 0.0000 0.0000 0.0000 0.0000 0.0000 0.0000 0.0000 0.0000 0.0000 0.0000 0.0000 0.0000 0.0000 0.0000 0.0000 0.0000 0.0000 0.0000 0.0000 0.0000 0.0000 0.0000 0.0000 0.0000 0.0000 0.0000 0.0000 0.0000 0.0000 0.0000
0.6406 0.7956 0.8825 0.8716 0.7495 0.7974 0.7957 0.9191 0.9440 0.9703 0.0000 0.0000 0.0000 0.0000 0.0000 0.0000 0.0000 0.0000 0.0000 0.0000 0.0000 0.0000 0.0000 0.0000 0.0000 0.0000 0.0000 0.0000 0.0000 0.0000 0.0000 0.0000 0.0000 0.0000 0.0000 0.0000 0.0000 0.0000 0.0000 0.0000 0.0000 0.0000 0.0000 0.0000 0.0000 0.0000 0.0000 0.0000 0.0000 0.0000
0.6550 0.8100 0.8850 0.8818 0.7569 0.7969 0.7921 0.9206 0.9466 0.9703 0.8981 0.0000 0.0000 0.0000 0.0000 0.0000 0.0000 0.0000 0.0000 0.0000 0.0000 0.0000 0.0000 0.0000 0.0000 0.0000 0.0000 0.0000 0.0000 0.0000 0.0000 0.0000 0.0000 0.0000 0.0000 0.0000 0.0000 0.0000 0.0000 0.0000 0.0000 0.0000 0.0000 0.0000 0.0000 0.0000 0.0000 0.0000 0.0000 0.0000
0.6606 0.8119 0.8875 0.8807 0.7574 0.7984 0.7921 0.9206 0.9466 0.9688 0.8981 0.8956 0.0000 0.0000 0.0000 0.0000 0.0000 0.0000 0.0000 0.0000 0.0000 0.0000 0.0000 0.0000 0.0000 0.0000 0.0000 0.0000 0.0000 0.0000 0.0000 0.0000 0.0000 0.0000 0.0000 0.0000 0.0000 0.0000 0.0000 0.0000 0.0000 0.0000 0.0000 0.0000 0.0000 0.0000 0.0000 0.0000 0.0000 0.0000
0.6550 0.8100 0.8850 0.8795 0.7559 0.7974 0.7921 0.9221 0.9466 0.9703 0.8981 0.8944 0.8260 0.0000 0.0000 0.0000 0.0000 0.0000 0.0000 0.0000 0.0000 0.0000 0.0000 0.0000 0.0000 0.0000 0.0000 0.0000 0.0000 0.0000 0.0000 0.0000 0.0000 0.0000 0.0000 0.0000 0.0000 0.0000 0.0000 0.0000 0.0000 0.0000 0.0000 0.0000 0.0000 0.0000 0.0000 0.0000 0.0000 0.0000
0.6356 0.7937 0.8825 0.8727 0.7495 0.7953 0.7957 0.9191 0.9431 0.9703 0.8923 0.8881 0.8264 0.8453 0.0000 0.0000 0.0000 0.0000 0.0000 0.0000 0.0000 0.0000 0.0000 0.0000 0.0000 0.0000 0.0000 0.0000 0.0000 0.0000 0.0000 0.0000 0.0000 0.0000 0.0000 0.0000 0.0000 0.0000 0.0000 0.0000 0.0000 0.0000 0.0000 0.0000 0.0000 0.0000 0.0000 0.0000 0.0000 0.0000
0.6381 0.7944 0.8825 0.8727 0.7495 0.7958 0.7963 0.9191 0.9431 0.9703 0.8933 0.8881 0.8264 0.8448 0.9129 0.0000 0.0000 0.0000 0.0000 0.0000 0.0000 0.0000 0.0000 0.0000 0.0000 0.0000 0.0000 0.0000 0.0000 0.0000 0.0000 0.0000 0.0000 0.0000 0.0000 0.0000 0.0000 0.0000 0.0000 0.0000 0.0000 0.0000 0.0000 0.0000 0.0000 0.0000 0.0000 0.0000 0.0000 0.0000
0.6381 0.7950 0.8825 0.8727 0.7495 0.7964 0.7963 0.9191 0.9431 0.9703 0.8942 0.8875 0.8264 0.8442 0.9129 0.9083 0.0000 0.0000 0.0000 0.0000 0.0000 0.0000 0.0000 0.0000 0.0000 0.0000 0.0000 0.0000 0.0000 0.0000 0.0000 0.0000 0.0000 0.0000 0.0000 0.0000 0.0000 0.0000 0.0000 0.0000 0.0000 0.0000 0.0000 0.0000 0.0000 0.0000 0.0000 0.0000 0.0000 0.0000
0.6363 0.7944 0.8825 0.8727 0.7495 0.7953 0.7957 0.9191 0.9431 0.9703 0.8923 0.8875 0.8264 0.8453 0.9129 0.9073 0.8838 0.0000 0.0000 0.0000 0.0000 0.0000 0.0000 0.0000 0.0000 0.0000 0.0000 0.0000 0.0000 0.0000 0.0000 0.0000 0.0000 0.0000 0.0000 0.0000 0.0000 0.0000 0.0000 0.0000 0.0000 0.0000 0.0000 0.0000 0.0000 0.0000 0.0000 0.0000 0.0000 0.0000
0.6400 0.7950 0.8825 0.8727 0.7500 0.7964 0.7976 0.9191 0.9431 0.9703 0.8942 0.8869 0.8260 0.8436 0.9129 0.9094 0.8838 0.9393 0.0000 0.0000 0.0000 0.0000 0.0000 0.0000 0.0000 0.0000 0.0000 0.0000 0.0000 0.0000 0.0000 0.0000 0.0000 0.0000 0.0000 0.0000 0.0000 0.0000 0.0000 0.0000 0.0000 0.0000 0.0000 0.0000 0.0000 0.0000 0.0000 0.0000 0.0000 0.0000
0.6413 0.7962 0.8825 0.8716 0.7505 0.7948 0.7963 0.9206 0.9440 0.9688 0.8962 0.8875 0.8260 0.8448 0.9129 0.9083 0.8831 0.9393 0.9136 0.0000 0.0000 0.0000 0.0000 0.0000 0.0000 0.0000 0.0000 0.0000 0.0000 0.0000 0.0000 0.0000 0.0000 0.0000 0.0000 0.0000 0.0000 0.0000 0.0000 0.0000 0.0000 0.0000 0.0000 0.0000 0.0000 0.0000 0.0000 0.0000 0.0000 0.0000
0.6481 0.8025 0.8838 0.8784 0.7516 0.7953 0.7939 0.9206 0.9457 0.9688 0.8981 0.8913 0.8274 0.8459 0.9144 0.9042 0.8824 0.9411 0.9136 0.8815 0.0000 0.0000 0.0000 0.0000 0.0000 0.0000 0.0000 0.0000 0.0000 0.0000 0.0000 0.0000 0.0000 0.0000 0.0000 0.0000 0.0000 0.0000 0.0000 0.0000 0.0000 0.0000 0.0000 0.0000 0.0000 0.0000 0.0000 0.0000 0.0000 0.0000
0.6481 0.8025 0.8825 0.8784 0.7516 0.7953 0.7939 0.9206 0.9457 0.9688 0.8981 0.8913 0.8274 0.8448 0.9136 0.9052 0.8824 0.9411 0.9136 0.8815 0.9220 0.0000 0.0000 0.0000 0.0000 0.0000 0.0000 0.0000 0.0000 0.0000 0.0000 0.0000 0.0000 0.0000 0.0000 0.0000 0.0000 0.0000 0.0000 0.0000 0.0000 0.0000 0.0000 0.0000 0.0000 0.0000 0.0000 0.0000 0.0000 0.0000
0.6456 0.7987 0.8850 0.8739 0.7516 0.7948 0.7951 0.9221 0.9457 0.9688 0.8962 0.8894 0.8264 0.8465 0.9136 0.9083 0.8831 0.9393 0.9136 0.8815 0.9205 0.8000 0.0000 0.0000 0.0000 0.0000 0.0000 0.0000 0.0000 0.0000 0.0000 0.0000 0.0000 0.0000 0.0000 0.0000 0.0000 0.0000 0.0000 0.0000 0.0000 0.0000 0.0000 0.0000 0.0000 0.0000 0.0000 0.0000 0.0000 0.0000
0.6438 0.7956 0.8838 0.8716 0.7516 0.7948 0.7982 0.9221 0.9448 0.9688 0.8952 0.8881 0.8264 0.8448 0.9129 0.9073 0.8824 0.9393 0.9136 0.8793 0.9205 0.8016 0.8981 0.0000 0.0000 0.0000 0.0000 0.0000 0.0000 0.0000 0.0000 0.0000 0.0000 0.0000 0.0000 0.0000 0.0000 0.0000 0.0000 0.0000 0.0000 0.0000 0.0000 0.0000 0.0000 0.0000 0.0000 0.0000 0.0000 0.0000
0.6231 0.7869 0.8800 0.8636 0.7468 0.7953 0.7957 0.9176 0.9431 0.9703 0.8933 0.8869 0.8231 0.8442 0.9129 0.9042 0.8838 0.9393 0.9159 0.8793 0.9212 0.7984 0.9000 0.7869 0.0000 0.0000 0.0000 0.0000 0.0000 0.0000 0.0000 0.0000 0.0000 0.0000 0.0000 0.0000 0.0000 0.0000 0.0000 0.0000 0.0000 0.0000 0.0000 0.0000 0.0000 0.0000 0.0000 0.0000 0.0000 0.0000
0.6125 0.7756 0.8725 0.8534 0.7394 0.7969 0.7915 0.9176 0.9440 0.9688 0.8885 0.8831 0.8231 0.8436 0.9106 0.9031 0.8831 0.9393 0.9114 0.8772 0.9197 0.7946 0.9010 0.7899 0.7688 0.0000 0.0000 0.0000 0.0000 0.0000 0.0000 0.0000 0.0000 0.0000 0.0000 0.0000 0.0000 0.0000 0.0000 0.0000 0.0000 0.0000 0.0000 0.0000 0.0000 0.0000 0.0000 0.0000 0.0000 0.0000
0.6150 0.7831 0.8775 0.8580 0.7436 0.7979 0.7957 0.9162 0.9431 0.9703 0.8885 0.8850 0.8231 0.8442 0.9106 0.9042 0.8831 0.9393 0.9125 0.8815 0.9205 0.7951 0.9019 0.7887 0.7719 0.9132 0.0000 0.0000 0.0000 0.0000 0.0000 0.0000 0.0000 0.0000 0.0000 0.0000 0.0000 0.0000 0.0000 0.0000 0.0000 0.0000 0.0000 0.0000 0.0000 0.0000 0.0000 0.0000 0.0000 0.0000
0.6206 0.7825 0.8800 0.8602 0.7452 0.7969 0.7951 0.9176 0.9431 0.9703 0.8894 0.8856 0.8236 0.8442 0.9106 0.9031 0.8809 0.9393 0.9136 0.8793 0.9212 0.7967 0.8990 0.7881 0.7719 0.9136 0.8946 0.0000 0.0000 0.0000 0.0000 0.0000 0.0000 0.0000 0.0000 0.0000 0.0000 0.0000 0.0000 0.0000 0.0000 0.0000 0.0000 0.0000 0.0000 0.0000 0.0000 0.0000 0.0000 0.0000
0.7531 0.8288 0.8963 0.8966 0.7553 0.7625 0.7646 0.8956 0.9302 0.9578 0.8808 0.8800 0.8125 0.7302 0.8864 0.8854 0.8449 0.9304 0.9091 0.8315 0.9068 0.7712 0.8856 0.7357 0.7323 0.8968 0.8571 0.6644 0.0000 0.0000 0.0000 0.0000 0.0000 0.0000 0.0000 0.0000 0.0000 0.0000 0.0000 0.0000 0.0000 0.0000 0.0000 0.0000 0.0000 0.0000 0.0000 0.0000 0.0000 0.0000
0.7287 0.8288 0.8925 0.9000 0.7612 0.7812 0.7817 0.9088 0.9405 0.9609 0.8962 0.8888 0.8207 0.7773 0.9015 0.8990 0.8647 0.9357 0.9114 0.8565 0.9121 0.7821 0.8942 0.7548 0.7500 0.9105 0.8732 0.6558 0.8476 0.0000 0.0000 0.0000 0.0000 0.0000 0.0000 0.0000 0.0000 0.0000 0.0000 0.0000 0.0000 0.0000 0.0000 0.0000 0.0000 0.0000 0.0000 0.0000 0.0000 0.0000
0.7175 0.8250 0.8863 0.8966 0.7612 0.7870 0.7829 0.9118 0.9422 0.9625 0.8990 0.8931 0.8236 0.7930 0.9083 0.9010 0.8632 0.9393 0.9102 0.8663 0.9174 0.7924 0.8952 0.7619 0.7531 0.9150 0.8750 0.6529 0.8488 0.8606 0.0000 0.0000 0.0000 0.0000 0.0000 0.0000 0.0000 0.0000 0.0000 0.0000 0.0000 0.0000 0.0000 0.0000 0.0000 0.0000 0.0000 0.0000 0.0000 0.0000
0.6888 0.8175 0.8825 0.8875 0.7580 0.7943 0.7909 0.9162 0.9448 0.9656 0.9010 0.8950 0.8231 0.8250 0.9144 0.9052 0.8721 0.9375 0.9114 0.8717 0.9212 0.7995 0.8971 0.7732 0.7552 0.9145 0.8804 0.6337 0.8463 0.8596 0.8404 0.0000 0.0000 0.0000 0.0000 0.0000 0.0000 0.0000 0.0000 0.0000 0.0000 0.0000 0.0000 0.0000 0.0000 0.0000 0.0000 0.0000 0.0000 0.0000
0.6631 0.8062 0.8863 0.8784 0.7548 0.7969 0.7945 0.9206 0.9466 0.9703 0.9000 0.8956 0.8255 0.8384 0.9159 0.9073 0.8809 0.9411 0.9136 0.8793 0.9212 0.8011 0.8962 0.7786 0.7635 0.9145 0.8857 0.6250 0.8378 0.8558 0.8365 0.7833 0.0000 0.0000 0.0000 0.0000 0.0000 0.0000 0.0000 0.0000 0.0000 0.0000 0.0000 0.0000 0.0000 0.0000 0.0000 0.0000 0.0000 0.0000
0.6612 0.8062 0.8863 0.8784 0.7543 0.7984 0.7939 0.9191 0.9466 0.9703 0.8990 0.8956 0.8260 0.8390 0.9159 0.9062 0.8809 0.9411 0.9136 0.8793 0.9220 0.8011 0.8962 0.7792 0.7646 0.9141 0.8857 0.6250 0.8372 0.8538 0.8356 0.7828 0.8635 0.0000 0.0000 0.0000 0.0000 0.0000 0.0000 0.0000 0.0000 0.0000 0.0000 0.0000 0.0000 0.0000 0.0000 0.0000 0.0000 0.0000
0.6562 0.8062 0.8850 0.8773 0.7553 0.7995 0.7933 0.9191 0.9457 0.9703 0.8990 0.8944 0.8260 0.8390 0.9144 0.9083 0.8801 0.9411 0.9125 0.8804 0.9212 0.8027 0.8971 0.7798 0.7667 0.9145 0.8893 0.6250 0.8378 0.8538 0.8346 0.7839 0.8635 0.8423 0.0000 0.0000 0.0000 0.0000 0.0000 0.0000 0.0000 0.0000 0.0000 0.0000 0.0000 0.0000 0.0000 0.0000 0.0000 0.0000
0.6475 0.8006 0.8813 0.8784 0.7511 0.7974 0.7963 0.9221 0.9457 0.9703 0.8971 0.8919 0.8255 0.8442 0.9129 0.9062 0.8809 0.9393 0.9125 0.8793 0.9205 0.8033 0.8981 0.7863 0.7677 0.9132 0.8875 0.6221 0.8354 0.8529 0.8337 0.7822 0.8615 0.8435 0.7549 0.0000 0.0000 0.0000 0.0000 0.0000 0.0000 0.0000 0.0000 0.0000 0.0000 0.0000 0.0000 0.0000 0.0000 0.0000
0.6438 0.7944 0.8813 0.8716 0.7500 0.7969 0.7994 0.9235 0.9457 0.9703 0.8942 0.8900 0.8255 0.8424 0.9121 0.9062 0.8831 0.9375 0.9125 0.8772 0.9205 0.8033 0.9010 0.7881 0.7719 0.9150 0.8875 0.6173 0.8299 0.8500 0.8317 0.7822 0.8596 0.8440 0.7565 0.8048 0.0000 0.0000 0.0000 0.0000 0.0000 0.0000 0.0000 0.0000 0.0000 0.0000 0.0000 0.0000 0.0000 0.0000
0.6450 0.7956 0.8813 0.8705 0.7500 0.7964 0.7994 0.9235 0.9457 0.9703 0.8952 0.8900 0.8255 0.8424 0.9121 0.9052 0.8824 0.9375 0.9125 0.8772 0.9205 0.8033 0.9000 0.7881 0.7729 0.9145 0.8875 0.6173 0.8317 0.8500 0.8317 0.7833 0.8606 0.8440 0.7560 0.8043 0.9050 0.0000 0.0000 0.0000 0.0000 0.0000 0.0000 0.0000 0.0000 0.0000 0.0000 0.0000 0.0000 0.0000
0.6431 0.7950 0.8813 0.8716 0.7505 0.7969 0.7994 0.9235 0.9457 0.9703 0.8942 0.8900 0.8255 0.8424 0.9121 0.9062 0.8824 0.9375 0.9125 0.8772 0.9205 0.8033 0.9010 0.7881 0.7719 0.9150 0.8875 0.6173 0.8299 0.8500 0.8317 0.7828 0.8606 0.8440 0.7571 0.8048 0.9050 0.8612 0.0000 0.0000 0.0000 0.0000 0.0000 0.0000 0.0000 0.0000 0.0000 0.0000 0.0000 0.0000
0.6438 0.7937 0.8813 0.8682 0.7495 0.7974 0.8000 0.9235 0.9448 0.9703 0.8942 0.8900 0.8264 0.8419 0.9121 0.9062 0.8824 0.9375 0.9125 0.8772 0.9205 0.8033 0.9019 0.7887 0.7719 0.9155 0.8875 0.6173 0.8287 0.8500 0.8317 0.7828 0.8606 0.8446 0.7582 0.8048 0.9050 0.8612 0.9298 0.0000 0.0000 0.0000 0.0000 0.0000 0.0000 0.0000 0.0000 0.0000 0.0000 0.0000
0.6419 0.7937 0.8813 0.8682 0.7500 0.7984 0.7994 0.9235 0.9448 0.9703 0.8942 0.8900 0.8250 0.8407 0.9121 0.9073 0.8838 0.9375 0.9125 0.8772 0.9205 0.8033 0.9019 0.7887 0.7719 0.9155 0.8893 0.6183 0.8280 0.8490 0.8327 0.7828 0.8596 0.8440 0.7576 0.8059 0.9050 0.8612 0.9308 0.8490 0.0000 0.0000 0.0000 0.0000 0.0000 0.0000 0.0000 0.0000 0.0000 0.0000
0.6394 0.7937 0.8813 0.8693 0.7495 0.7995 0.8006 0.9235 0.9440 0.9703 0.8923 0.8900 0.8250 0.8413 0.9114 0.9073 0.8846 0.9375 0.9136 0.8761 0.9205 0.8027 0.9019 0.7893 0.7708 0.9145 0.8911 0.6173 0.8268 0.8490 0.8327 0.7822 0.8606 0.8440 0.7576 0.8059 0.9062 0.8606 0.9308 0.8490 0.7710 0.0000 0.0000 0.0000 0.0000 0.0000 0.0000 0.0000 0.0000 0.0000
0.6356 0.7944 0.8813 0.8659 0.7484 0.7995 0.7988 0.9235 0.9431 0.9703 0.8923 0.8894 0.8240 0.8430 0.9114 0.9062 0.8846 0.9375 0.9136 0.8750 0.9197 0.8027 0.9019 0.7881 0.7708 0.9150 0.8929 0.6154 0.8256 0.8481 0.8346 0.7806 0.8606 0.8429 0.7582 0.8064 0.9087 0.8606 0.9298 0.8490 0.7700 0.8330 0.0000 0.0000 0.0000 0.0000 0.0000 0.0000 0.0000 0.0000
0.6281 0.7906 0.8813 0.8614 0.7463 0.7990 0.7988 0.9206 0.9422 0.9703 0.8913 0.8875 0.8240 0.8436 0.9121 0.9052 0.8860 0.9393 0.9136 0.8772 0.9220 0.8027 0.9019 0.7875 0.7698 0.9136 0.8964 0.6115 0.8213 0.8452 0.8317 0.7806 0.8529 0.8423 0.7587 0.8064 0.9087 0.8625 0.9308 0.8529 0.7690 0.8357 0.7884 0.0000 0.0000 0.0000 0.0000 0.0000 0.0000 0.0000
0.6300 0.7906 0.8825 0.8636 0.7463 0.7984 0.8000 0.9206 0.9422 0.9703 0.8923 0.8875 0.8236 0.8448 0.9121 0.9052 0.8860 0.9393 0.9136 0.8761 0.9212 0.8022 0.9019 0.7881 0.7698 0.9136 0.8946 0.6125 0.8213 0.8452 0.8327 0.7800 0.8529 0.8423 0.7587 0.8064 0.9087 0.8625 0.9308 0.8529 0.7700 0.8357 0.7890 0.9019 0.0000 0.0000 0.0000 0.0000 0.0000 0.0000
0.6344 0.7956 0.8813 0.8659 0.7484 0.7984 0.7994 0.9221 0.9440 0.9703 0.8923 0.8881 0.8245 0.8442 0.9114 0.9062 0.8838 0.9375 0.9136 0.8761 0.9212 0.8033 0.9019 0.7887 0.7688 0.9145 0.8929 0.6125 0.8250 0.8481 0.8337 0.7794 0.8577 0.8417 0.7587 0.8074 0.9087 0.8619 0.9298 0.8519 0.7700 0.8339 0.7902 0.9019 0.7913 0.0000 0.0000 0.0000 0.0000 0.0000
0.6369 0.7956 0.8813 0.8693 0.7495 0.8000 0.8006 0.9221 0.9440 0.9703 0.8923 0.8906 0.8264 0.8419 0.9121 0.9052 0.8838 0.9375 0.9125 0.8761 0.9212 0.8033 0.9019 0.7893 0.7688 0.9145 0.8929 0.6154 0.8274 0.8500 0.8346 0.7811 0.8625 0.8417 0.7582 0.8069 0.9075 0.8619 0.9288 0.8510 0.7710 0.8321 0.7902 0.9010 0.7913 0.8793 0.0000 0.0000 0.0000 0.0000
0.6375 0.7956 0.8813 0.8693 0.7500 0.8000 0.8000 0.9235 0.9457 0.9703 0.8933 0.8906 0.8269 0.8424 0.9121 0.9052 0.8831 0.9375 0.9125 0.8761 0.9212 0.8033 0.9019 0.7893 0.7677 0.9141 0.8929 0.6163 0.8280 0.8500 0.8327 0.7817 0.8615 0.8423 0.7576 0.8074 0.9075 0.8612 0.9288 0.8519 0.7710 0.8313 0.7915 0.9000 0.7894 0.8793 0.8683 0.0000 0.0000 0.0000
0.6356 0.7956 0.8813 0.8682 0.7489 0.7984 0.8006 0.9235 0.9440 0.9703 0.8923 0.8900 0.8255 0.8436 0.9114 0.9062 0.8831 0.9375 0.9136 0.8761 0.9212 0.8033 0.9019 0.7893 0.7677 0.9136 0.8929 0.6135 0.8274 0.8481 0.8346 0.7806 0.8606 0.8417 0.7576 0.8080 0.9087 0.8619 0.9288 0.8510 0.7710 0.8330 0.7921 0.9029 0.7904 0.8793 0.8708 0.7756 0.0000 0.0000
0.6356 0.7956 0.8813 0.8682 0.7489 0.7984 0.8006 0.9235 0.9440 0.9703 0.8923 0.8900 0.8250 0.8442 0.9114 0.9062 0.8831 0.9375 0.9136 0.8761 0.9212 0.8033 0.9019 0.7893 0.7688 0.9141 0.8929 0.6144 0.8274 0.8481 0.8346 0.7811 0.8606 0.8417 0.7582 0.8080 0.9087 0.8612 0.9288 0.8510 0.7710 0.8330 0.7915 0.9019 0.7913 0.8793 0.8717 0.7756 0.8356 0.0000
0.6338 0.7956 0.8813 0.8648 0.7479 0.7974 0.7988 0.9235 0.9431 0.9703 0.8923 0.8888 0.8250 0.8448 0.9114 0.9073 0.8853 0.9393 0.9136 0.8761 0.9212 0.8027 0.9019 0.7881 0.7708 0.9145 0.8929 0.6163 0.8268 0.8471 0.8327 0.7800 0.8577 0.8429 0.7587 0.8064 0.9087 0.8606 0.9308 0.8500 0.7690 0.8339 0.7909 0.9048 0.7933 0.8804 0.8708 0.7744 0.8361 0.7865